3303
3947
4089
4090
3556
3741
3806
3451
3608
3754
3295
3570
3648
3957
3394
3752
3945
3795
3616
3640
3807
3565
3636
3968
3447
3640
3858
4057
3668
3805
3846
3583
3584
3778
3303
3604
3624
4000
3238
3749
3936
3813
3616
3736
3231
3613
3947
3711
3688
3776
3603
3335
3624
3754
3183
3537
3672
3982
3456
3670
3439
3616
3709
3874
3504
3832
3795
3367
3610
3694
3654
3363
3632
3732
3183
3480
3810
3870
3520
3716
3941
3607
3626
3540
3367
3340
3589
3855
3318
3714
3886
3743
3532
3738
3519
3363
3564
3640
3439
3407
3596
3784
3227
3584
3848
3892
3590
3744
3243
3782
3966
3801
3552
3716
3819
3611
3620
3728
3439
3495
3642
3962
3263
3694
3848
3925
3512
3642
3920
3641
3682
3816
3663
3325
3708
3788
3551
3449
3588
3868
3279
3828
3942
3781
3634
3736
3467
3734
3578
3846
3725
3543
3668
3896
3543
3584
3664
4055
3263
3770
3892
4095
3592
3840
3924
3774
3640
3674
3483
3281
3688
3955
3307
3756
4001
3881
3552
3738
3870
3623
3592
3890
3838
3483
3554
3594
3855
3559
3588
3728
3471
3686
3536
3782
3231
3755
3828
3945
3506
3747
3661
3351
3700
3854
3261
3636
3884
3727
3540
3644
3655
3463
3606
3708
3239
3608
3793
3722
3505
3677
3183
3666
3890
3775
3540
3688
3599
3275
3560
3652
3283
3750
3672
3842
3312
3784
3930
3430
3585
3717
3501
3467
3728
3945
3231
3652
3690
3915
3478
3634
3853
3575
3716
3813
3407
3672
3842
3858
3725
3987
3906
4095
3576
4027
3645
3363
3608
3900
3371
3900
4095
3773
3610
3916
3660
3994
3648
3997
3327
3570
3971
4095
3589
4054
3663
3489
3845
3728
3915
3529
3680
3632
3407
3593
3717
3991
3562
3952
3929
3743
3536
3768
3822
3663
3586
3866
3463
3550
3685
3769
3543
3448
3956
4035
3514
3731
3610
3378
4095
3826
3728
3712
3655
3375
3782
3846
3213
3632
3748
4028
3635
3594
3463
3419
3692
4095
3488
3802
3901
3431
3708
3476
3683
3295
3596
3794
3287
3618
3633
4011
3179
3736
3852
4025
3588
3580
3935
3223
3736
3606
3629
3247
3700
4016
3450
4010
3882
3938
3520
3768
3651
3655
3600
4095
3183
3784
3804
3882
3556
3720
3727
3191
3824
3776
3419
3528
3905
4095
3584
4044
3702
3447
3908
3728
3775
3174
4041
3992
3339
3884
3967
3999
3637
3932
3722
3723
3761
4095
3283
3997
3932
4063
3596
4071
4095
3645
3952
3714
3775
3317
3816
3827
3363
3497
3900
4095
3556
3928
3375
3608
4078
3796
3750
3822
3865
3581
3696
3826
3549
3403
3618
4095
3135
3712
3930
4017
3494
3804
3910
3909
3460
3810
3839
3483
3712
3716
3435
3550
3670
3827
3440
3921
3920
3451
3732
3912
3279
3507
3594
3856
3271
3764
3810
4046
3490
3897
3375
3363
3696
4095
3356
3842
3917
3711
3556
3968
3799
3567
3604
3764
3421
3395
3708
3699
3291
3460
3880
3991
3738
3720
3545
3603
3602
3967
3343
3590
3778
4046
3496
3912
3925
3819
3628
3874
3770
3547
3660
3865
3615
3655
3594
3827
3263
3733
3972
4095
3613
3816
3920
3830
3572
3802
3662
3503
3728
3953
3786
3583
3750
3987
3369
3852
4060
3675
3776
3954
3663
3447
3736
3806
3263
3672
4058
3783
3648
3957
3157
3744
3875
4057
3514
3841
3663
3643
3592
3833
3501
3324
3628
3706
3367
3392
3680
3996
3385
3638
3820
3947
3532
3700
4038
3663
3672
3832
3807
3671
3564
3809
3147
3966
3896
3871
3572
3652
3711
3307
3648
3718
3327
3581
3574
3852
3305
3736
3519
3277
3688
3760
3175
3542
3816
3807
3584
3805
3679
3315
3704
3932
3583
3403
3594
3696
3683
3510
3578
3828
3422
3438
3606
4072
3271
3592
3944
3942
3516
3652
3317
3636
3884
3886
3552
3880
3805
3495
3776
3616
3907
3279
3674
3764
3387
3567
3680
4071
3331
3993
3968
4095
3626
4095
3903
3695
3624
3915
3559
3704
3728
4022
3473
3792
4095
3679
3888
3860
3825
3582
3740
3910
3191
3676
3792
3873
3648
3800
3383
3742
3746
4095
3498
3958
3907
3535
3576
3837
3471
3535
3636
3772
3339
3655
3572
3853
3327
3648
3716
3880
3456
3612
3925
3754
3664
3712
3647
3389
3648
3742
3517
3714
3901
3733
3593
3602
3607
3502
3556
3548
3806
3271
3598
3788
3311
3378
3683
4078
3354
3760
3889
3519
3568
3690
3857
3455
3640
3730
3695
3423
3664
4072
3296
3945
3912
3983
3540
3886
3773
3499
3616
3858
3195
3659
3658
3949
3285
3885
3726
3387
3682
3920
3355
3556
3856
3961
3460
3912
3885
3839
3800
3864
3519
3503
3641
4022
3243
3829
3915
3835
3596
3828
3868
3757
3768
3748
3595
3760
3886
4095
3621
3787
4024
3794
3875
3870
3631
3493
3654
3910
3359
3831
3822
4016
3428
3820
3919
3699
3616
3894
3327
3763
3785
3964
3495
3713
3952
3751
3592
3857
3611
3386
3652
3730
3495
3363
3632
3764
3423
3717
3660
3921
3199
3762
3869
3971
3612
3658
3311
3728
3835
4095
3584
3836
3615
3503
3546
3776
3301
3314
3790
3977
3468
3632
3471
3520
3682
4061
3526
3596
3873
3531
3598
3960
3327
3630
3820
3963
3544
3698
3263
3652
4095
4031
3600
3922
3733
3415
3586
4095
3741
3667
3830
3592
3741
3275
3762
3718
3749
3543
3682
4087
3223
3921
3684
4095
3500
3724
4076
3743
3609
3942
3199
3862
3770
4095
3474
3752
4095
3475
3610
3943
3839
3531
3804
4095
3551
3546
3950
4095
3350
4035
4095
3875
3586
4095
3703
3391
3746
3938
3499
3549
3736
3996
3432
3926
3937
3683
3760
3688
3739
3527
3620
3750
3375
3578
3605
3864
3327
3628
3770
4095
3540
3804
4051
3503
3632
3830
3455
3451
3636
3989
3206
3738
4021
3742
3592
4060
3479
3515
3594
3718
3259
3698
3834
3748
3540
3686
3757
3307
3584
3712
3287
3816
3945
3686
3644
3692
3667
3615
3584
3766
3679
3683
3586
3800
3367
3585
3552
3992
3163
3622
3768
4074
3568
3532
4091
3475
3652
3880
3411
3680
3820
4095
3436
3784
4026
3667
3688
3843
3755
3407
3632
3915
3311
3606
3946
3842
3398
3956
3693
3387
3780
3955
3335
3605
3728
4095
3231
3953
3860
4095
3730
4011
3927
3683
3624
4095
3755
3615
3676
4024
3603
3417
3740
3812
3387
3694
3744
3936
3378
3881
3783
3343
3772
3680
3519
3654
3537
3851
3223
3724
3746
4095
3410
3834
3918
3655
3562
3640
3643
3335
3544
3756
3531
3266
3584
3866
3179
3573
3817
3926
3433
3752
3499
3433
3688
3846
3219
3636
3912
3901
3546
3624
3631
3219
3588
3624
3507
3335
3546
3732
3439
3253
3594
3826
3411
3467
3592
3662
3511
3366
3672
3768
3247
3752
3682
3986
3323
3808
3924
3759
3586
3897
3479
3447
3641
3826
3335
3556
3722
4095
3437
3944
3957
3549
3724
3784
3367
3724
3692
4017
3669
3939
3923
3653
3604
3730
3275
3768
3993
3689
3972
3824
3619
3751
3645
3906
3583
3376
3940
3976
3459
4012
4059
4075
3642
4095
3455
3562
3942
4023
3421
4095
3978
3747
3680
4004
3519
3474
3816
3928
3195
3833
3930
3787
3594
3850
3831
3498
3608
3899
3423
3732
3560
3962
3479
3821
3977
3749
3793
3534
3929
3371
3604
3920
3582
3319
3730
3808
3283
3520
4012
4020
3360
3760
3947
3343
3800
3914
3451
3279
3706
4016
3119
3834
3692
3940
3308
3950
3867
3733
3526
3932
3495
3609
3600
3793
3307
3434
3584
3856
3307
3635
3966
3855
3576
4062
3839
3599
3520
3848
3767
3319
3854
3894
3319
3807
3628
4095
3310
4076
4030
3623
4029
3640
3547
3576
3802
3724
3383
3841
3742
4095
3578
3758
3327
3777
3817
4095
3530
4095
3906
3749
3666
3800
3503
3704
3973
4014
3523
4095
3943
4095
3693
4037
3539
3812
3682
3760
3791
3507
3692
4095
3360
4040
3983
3807
3549
3788
3879
3467
3728
3790
3583
3327
3754
4056
3211
3912
3788
3849
3825
3589
3387
3752
4047
3635
3848
3669
3631
3302
3756
3708
3543
3651
3604
4002
3243
3640
3861
3839
3315
3712
3925
3611
3636
4022
3619
3411
3634
3517
3471
3585
3572
3860
3202
3786
3901
3703
3674
3562
3447
3562
3692
3670
3263
3636
3762
3899
3654
3560
3487
3584
3932
4069
3560
3902
3687
3467
3616
3852
3763
3335
3744
3632
3435
3546
3702
4011
3299
4059
3974
3663
3724
3836
3487
3586
3788
3824
3373
3900
3909
3769
3785
3899
3467
3987
3678
3838
3555
3652
3656
3874
3366
3965
3954
4095
3736
3936
3358
3936
3942
3851
3828
3762
3851
3543
3800
3839
3351
3864
3652
3871
3714
3552
3847
3467
3674
3708
3781
3607
3642
3708
3695
3427
3600
4060
3175
3660
3824
4095
3480
3910
3891
3658
3632
3792
3555
3519
3546
3953
3271
3640
3648
3814
3525
3484
3938
3971
3512
4039
3835
3539
3620
3594
3511
3451
3584
3745
3350
3574
3921
3743
3594
3600
3495
3537
3570
3642
3303
3595
3820
3846
3632
3601
3750
3573
3640
3892
3291
3820
3918
3818
3600
3613
3527
3570
3680
3862
3295
3796
3944
3847
3604
3789
3243
3728
3957
3807
3778
3988
3563
3575
3632
3856
3311
3836
3770
3834
3419
3944
3885
3707
3632
4000
3463
3719
3844
3748
3479
3674
3746
4095
3597
3953
4095
3802
3812
3726
3982
3413
3654
4085
3503
3460
3881
3729
3347
3782
4058
3671
3728
4095
3275
3772
3972
3901
3560
3750
3627
3531
3612
3938
3199
3608
3754
4095
3428
3838
3403
3564
3676
4095
3203
3652
3962
3791
3620
3732
3679
3515
3584
3910
3359
3531
3540
3694
3311
3486
3704
3670
3323
3516
3622
3806
3419
3636
3983
3475
3702
3589
3263
3576
3942
3611
3680
3728
3731
3293
3648
3852
3271
3714
3548
3986
3167
3959
3816
3908
3572
3752
3647
3287
3632
3836
3547
3215
3716
3757
3327
3795
3636
4095
3401
3658
3999
3415
3698
3852
3355
3670
3787
3920
3542
3844
3938
3546
3626
3896
3237
3739
4082
3998
3684
3848
3913
3387
3761
3853
3575
3535
3842
4031
3659
3807
3616
4086
3327
3832
3728
4008
3291
3545
3842
3989
3488
4012
3805
3703
3608
4003
3119
3802
3944
3839
3604
4095
3383
3542
3568
3904
3327
3368
3714
3584
3455
3554
3654
4010
3431
3424
3900
3976
3520
3680
3977
3607
3572
3672
3535
3247
3652
4032
3103
4072
4028
3483
3634
3856
3431
3402
3572
4018
3127
3804
3752
3775
3449
3744
3403
3409
3640
4095
3298
3820
3903
3495
3612
3806
3455
3607
3608
3790
3231
3732
3692
4091
3336
3816
3839
3479
3640
3800
3271
3541
3634
4044
3275
3912
3863
3545
3576
3796
3666
3391
3570
3558
3679
3475
3830
3692
3474
3714
3937
4065
3704
3848
3319
4087
3952
3919
3722
4003
3471
3753
3750
3917
3391
3896
3950
4095
3690
4095
3261
3904
3884
4095
3780
3688
4043
3597
3618
3750
3583
3505
3845
4095
3387
3977
3801
3735
3576
4032
3375
3570
3636
3822
3239
3532
3856
4025
3512
3758
3615
3447
3568
3890
3343
3198
3805
3803
3311
3690
3963
3835
3616
3916
3271
3474
3748
4052
3417
3972
3834
3371
3664
3640
3339
3632
3680
4095
3418
3724
3839
3423
3606
3672
3271
3860
3901
3823
3536
3648
3501
3447
3576
3838
3279
3717
3728
4095
3434
3851
3191
3800
3846
3830
3538
3851
3677
3539
3620
3708
3359
3782
3661
3738
3339
3506
3824
3934
3773
3538
3655
3521
3681
3692
3487
3370
3673
4050
3372
3762
3940
3798
3588
3860
3775
3191
3750
3853
3351
3542
3804
4095
3266
4095
3940
3910
3628
3984
3435
3818
4095
3711
3644
3850
3670
3510
3692
3950
3243
3862
3804
4095
3492
3808
3383
3478
3914
3852
3510
3736
3981
3599
3656
3824
3347
3666
3664
4038
3195
3884
3872
3886
3594
3850
3730
3629
3600
3890
3223
3420
3729
4095
3217
3968
3918
3701
3560
3836
3611
3355
3556
3784
3479
3429
3584
3529
3343
3318
3676
3712
3289
3948
3833
3803
3484
3750
3582
3386
3570
3700
3375
3432
3852
3857
3700
3444
4023
3447
3664
3868
3485
3499
3598
3890
3415
3358
3776
3824
3259
3922
3712
4095
3180
4095
3843
3767
3692
3760
3631
3378
3654
3880
3199
3625
3588
4095
3347
3778
3888
3863
3564
3680
3787
3343
3816
3604
3595
3646
3696
4095
3388
3858
3953
3907
3822
3752
3733
3704
4020
3925
3660
4052
3367
3830
3560
3683
3630
3324
3850
3624
3487
3731
3862
4095
3604
3684
3807
3607
3584
3896
3573
3440
3730
4095
3436
3648
3921
3979
3540
3841
3879
3342
3616
3945
3183
3618
3769
4095
3532
3616
4095
3247
3738
3900
3303
3816
3858
3703
3584
3690
3757
3149
3716
3670
3319
3350
3844
4026
3318
3805
3311
3432
3604
3867
3257
3604
4043
3367
3772
3689
3371
3528
3669
4077
3227
3933
3884
3991
3576
4032
3437
3683
3688
3689
3647
3548
3940
3895
3594
3856
3495
3445
3616
3892
3339
3476
3652
4095
3231
3913
3648
3873
3553
3700
4067
3623
3592
4095
3235
4095
3967
3798
3626
3880
3583
3306
3736
4011
3769
3407
3830
4038
3439
3869
3780
3858
3627
3687
3738
3764
3719
3455
3640
4005
3663
3261
3676
4066
3239
3746
3756
3856
3335
3468
3808
3882
3299
4012
3860
3862
3869
3680
3693
3435
3684
4094
3155
4095
3894
3791
3696
3610
3766
3299
3656
4003
3375
3766
3520
3808
3445
3696
3892
3731
3568
3808
3725
3431
3764
3540
3279
3666
3636
3856
3247
3596
3890
3611
3620
3601
3675
3531
3592
3592
3503
3500
3562
3774
3271
3456
3818
4016
3456
3995
3191
3568
3869
4027
3456
3814
3758
3579
3544
3875
3359
3440
3890
3944
3289
4095
3879
3901
3590
3796
3647
3415
3604
3889
3671
3371
3632
3897
3511
3499
3706
3794
3392
3950
3971
3826
3744
3964
3653
3550
4004
3808
3447
3963
3716
4095
3746
3798
4095
3755
3760
3888
3685
3622
3652
3936
3391
3552
3952
3992
3526
3936
3935
3549
3622
4095
3531
3531
3760
3866
3519
3813
3712
3656
3455
3890
3704
4095
3656
3740
3403
3942
3689
3859
3595
3990
3861
3759
3804
3568
3543
3381
3584
3776
3642
3255
3634
3909
3507
3195
3817
3890
3319
3560
4019
3807
3500
3816
3515
3323
3564
3721
3416
3522
3939
3727
3578
3616
3783
3461
3552
4029
3327
3532
3532
3808
3511
3397
3616
3668
3447
3675
3634
3764
3592
3676
3925
3963
3610
3768
3695
3735
3540
3766
3315
3716
3871
4095
3796
3558
3818
3807
3576
3682
3735
3434
3588
3866
3455
3631
3660
4000
3299
3696
4095
3769
3826
3953
3447
3771
3640
3988
3803
3611
3630
4095
3570
3906
3954
4095
3714
3810
3391
3690
3696
4095
3504
3716
3953
4020
3542
3991
3501
3682
3951
3910
3832
3700
3837
3519
3548
3905
3655
3438
3588
4095
3567
3209
3802
4048
3223
3476
4095
4072
3442
3748
4095
3667
3564
4095
3327
3636
3888
3966
3305
3844
3998
3455
3588
4095
3303
3535
3651
3878
3135
3616
3892
3725
3436
3862
3823
3517
3896
3569
3391
3667
3580
3524
3471
3737
3544
3768
3707
3261
3674
4095
3280
3872
4078
3595
3572
3838
3845
3275
3644
3956
3447
3516
3660
4095
3095
3973
4028
3683
3824
3864
3339
3572
3662
4089
3207
3648
3872
4095
3492
3802
3914
3463
3627
3712
3567
3304
3776
4095
3259
3682
3926
4095
3482
4095
3935
3283
4068
4095
3199
3977
4028
3874
3768
3973
3415
3363
4095
4056
3229
4000
3958
3719
3648
4095
3135
3728
3945
4063
3600
4014
3705
3479
3544
3948
3199
3364
3752
4066
3231
3528
3616
3872
3287
3568
3866
3760
3499
3688
3938
3877
3532
3916
3319
3581
3736
3750
3498
3680
3822
3502
3594
3848
3463
3380
3558
3786
3191
3268
3652
3953
3127
3508
3958
3753
3562
3776
3487
3270
3664
3978
3199
3572
4095
3705
3508
4060
3315
3478
3714
3933
3359
3396
3758
4095
3157
4016
3858
3991
3720
3640
3881
3387
3586
3845
3369
3650
3928
4095
3496
3705
4095
3135
3902
3890
3255
3584
3780
4095
3368
3813
3891
3189
3656
4095
3291
3589
4028
3907
3195
3987
4073
3829
3894
3912
3973
3199
4095
4095
3327
4095
3648
3880
3638
3660
4095
3773
3698
4095
3391
3734
3724
4026
3218
3964
3972
3455
3584
3990
3391
3392
3717
4095
3334
3648
3892
3863
3552
3802
3551
3404
4095
3719
3612
3876
3179
3760
3822
4043
3691
3540
3695
3411
3577
4006
3457
3482
3775
3711
3549
3712
3487
3439
3530
3709
3227
3552
3670
4095
3288
3602
3367
3338
3664
3560
3527
3706
3760
4095
3640
3776
3671
3863
3522
3756
3415
3683
3500
3728
3987
3043
3777
3948
3247
3548
3708
4095
3310
3856
4095
3191
3788
4095
3231
3596
4095
3623
3548
4095
3677
3251
3588
3891
3563
3348
3646
4095
3103
3812
3688
4069
3147
4050
4032
3567
3782
3660
3495
3433
3842
4095
3406
4095
3933
3695
3610
3931
3535
3362
3684
3849
3413
3507
3788
3521
3455
3953
3568
4038
3655
3668
3794
4095
3864
3424
3943
3805
3520
3564
4095
3499
3536
4095
3543
3159
3941
4095
3250
3804
4095
3782
3488
4095
3711
3247
3964
4068
3303
3876
3680
3712
3185
4087
3838
3509
3920
3792
3615
3531
3568
3508
3503
3555
3532
3552
3479
3655
3494
3764
3394
3456
3903
3699
3688
3520
3803
3555
3498
3848
3211
3504
3794
4095
3664
3496
3351
3870
3508
3846
3534
3480
3973
3723
3664
3987
3227
3638
3572
3660
3443
3575
3620
3578
3367
3496
3616
3899
3439
3504
3914
4074
3650
3568
3917
3499
3565
3836
3237
3692
3960
3815
3570
3630
3707
3476
3692
3979
3531
3686
3879
3933
3696
3792
3536
3888
3903
3907
3834
3638
3471
3742
3568
3693
3491
3673
3658
4095
3606
3552
3839
3615
3596
3658
3747
3271
3570
4095
3551
3175
3601
4004
3127
3589
3747
3978
3424
3868
3731
3247
3668
3812
3387
3454
3628
3621
3327
3585
3586
3604
3231
3785
3584
3774
3391
3418
3896
3903
3544
3618
3435
3599
3504
3744
3383
3289
3570
3896
3336
3586
3854
3447
3572
3690
3323
3357
3602
3980
3039
3588
4037
4095
3152
3678
3559
4095
4095
4040
3256
3608
3827
3327
3624
4095
3950
3733
3432
3506
3551
3864
3416
3594
4095
3714
4095
4095
3573
3296
3818
3847
3264
3932
3519
3343
4042
3988
3291
3480
3910
3823
3504
3580
3902
3809
4095
3596
3683
3578
3710
3779
3741
4095
4095
3345
3953
4095
3071
3306
3946
4095
3770
4095
3802
3027
3636
3906
3275
3219
3560
3553
3675
3454
4095
4095
3263
3504
3753
3607
3530
4095
4095
4095
3997
3620
3185
3488
3831
3247
3650
3922
3455
3621
4077
4095
4095
3819
3472
3504
3527
3191
3616
3979
3071
3280
3798
4095
3553
3850
3287
3226
3560
3633
3279
3939
4095
3495
3496
3468
3451
3167
3704
4010
3595
3505
3596
3900
3266
3536
3890
3343
3498
3580
3245
3923
4095
3863
3882
3960
3315
3498
3608
3841
3199
3425
3664
3752
3197
3468
3823
3503
3620
3850
3973
3942
4040
4095
3711
3455
3552
3692
3519
3167
3532
3632
3159
3500
3940
3639
3682
3818
3693
3731
3872
4095
3545
4048
3992
3730
3548
3989
2991
3344
2952
3463
3312
3444
4095
3793
3484
4095
3071
3282
4095
3579
3383
3410
4095
3590
3474
3328
4095
3163
3336
3444
3791
4095
3781
3720
3159
3499
3528
3814
3420
3504
3623
3787
4095
3464
3263
3826
4095
3656
3199
4095
4095
3403
3312
3600
3275
4095
4095
3811
3624
3812
3443
3411
3589
3476
3007
3288
3854
4095
3930
4095
4095
4095
3854
3483
3416
3402
3275
3035
3666
4095
4095
4095
4095
4015
3109
3296
3773
3679
3882
4004
3483
3247
3624
4001
3831
4095
3924
3592
3503
2979
3480
3900
3782
4095
3863
3327
3446
3600
4081
3722
4095
3862
3371
3405
3586
3672
2983
3242
3724
4095
3388
4095
3751
4095
3562
3484
3435
3227
3893
4046
3431
3449
3604
4095
3402
3496
3827
3389
3833
4095
4095
3501
3480
3442
3287
3208
3678
4095
4015
3775
3586
3806
3271
3689
3645
3718
3080
3488
3947
3883
3960
3936
3519
3239
3560
3744
3199
3700
3931
3454
3588
3760
3295
3394
3584
3562
3199
3371
3552
3656
3291
3488
3584
3700
3175
3432
3806
4095
3520
3560
3382
3131
3496
3504
3187
3192
3540
3734
3332
3660
3956
3573
3576
3741
3215
3189
3538
3810
3327
3416
3564
3520
3215
3248
3586
3780
3687
3464
3773
4095
4095
3344
3439
3519
3332
4095
3187
3688
3408
3747
4095
3680
3747
3227
3462
3586
3603
3674
4095
3514
3103
3394
3666
3779
4095
4095
3103
3712
3733
4095
3863
3648
3826
3391
3396
3456
3519
4095
3680
3450
4095
3123
3528
3410
3291
3202
3602
3926
4050
4095
3766
4095
3079
3354
3716
3543
3368
3688
3855
4095
4095
4031
3552
3424
3279
3039
3532
4095
4095
4009
3532
3442
3327
3039
3536
3984
4055
4008
4095
4095
2991
3160
3662
3882
3506
3516
3726
3794
3436
3677
3415
3788
3820
3287
3376
3502
3885
4095
4008
4095
3415
3564
3492
3576
2991
3340
3728
3758
3330
3530
3781
3215
3745
3878
3087
3264
3752
3784
3128
3560
4095
3371
3548
3608
3243
3241
2994
4095
3631
4095
3236
3512
3175
3340
3752
3865
4095
4095
2983
3444
3998
4079
4095
3636
3419
3263
3526
4095
4095
4095
3312
3496
3063
3372
4095
3466
3850
3478
3527
3307
3888
3834
3227
3568
3594
4095
3667
3291
3608
3817
3550
4095
3795
3199
3284
3800
4095
4095
4058
3643
3971
3270
3488
3424
2975
3248
3685
3760
3408
4095
3567
4095
3998
3945
3151
3532
3509
3512
3015
3352
3716
3790
3588
4020
4095
3874
3528
3416
3263
3279
3472
3620
3381
3937
3764
4095
3686
3538
3366
3846
3802
3207
3444
4088
3675
3236
3424
3918
3736
4095
3737
3007
3576
3530
3066
4095
3543
3962
3336
4039
4095
4095
3610
3404
3123
3050
3392
3568
3943
3818
3688
3669
3532
3346
3189
3311
3458
3296
3435
3913
3548
3632
3103
3118
3544
3104
3539
3685
3861
3191
3440
4002
3087
3096
3790
3783
3288
4095
4095
3569
3576
3554
3074
3654
3898
3099
3424
4095
4095
3019
3668
4095
3847
3059
3060
3434
4018
4095
4095
3995
4095
4095
3455
3091
3482
3546
3223
3123
3520
4095
4095
3784
3896
3744
3146
3632
3559
3005
3460
3760
3055
3682
4095
4095
3027
3122
3711
3327
4095
4095
4095
4095
4095
3099
3522
3372
3067
3356
3622
4095
3971
4095
3754
3689
3056
3266
3370
4095
4095
4030
3408
3332
3271
3043
3516
4095
3791
3564
3632
4095
3003
3044
3548
3687
3307
3440
3734
3307
4095
3568
3854
3051
3386
3458
3131
3052
3628
4095
4095
4095
3503
3003
3472
4095
4095
3868
3523
3639
3170
3589
3799
3567
3514
3432
3051
3652
4039
4010
4009
3752
3419
3023
3280
3565
3469
4095
4095
4061
3124
3368
3099
3300
3760
3874
3226
4053
4095
4041
3640
3372
3447
3134
3616
3513
3247
3257
3872
3340
3751
3241
3568
3661
3315
4045
3719
3043
3544
3506
3087
3944
4095
4095
3531
3488
3535
3071
3472
3596
3591
3121
3430
3592
3383
3245
3786
3690
3039
3386
3794
3509
3684
3472
3311
3184
3485
3362
3103
4095
4095
3688
4095
3412
3782
3211
3420
3526
3323
3085
3350
3460
3239
3435
4036
3936
3215
3742
3614
3626
3062
3280
3743
3627
3528
3605
3215
3650
4095
4095
3115
3176
3612
3661
3288
3452
3291
3207
3602
3736
3803
4095
3532
3616
3055
3300
3785
4095
3680
3466
3423
3796
3576
3660
3170
3364
3782
3071
3626
4095
3123
3156
3596
3958
3587
4095
3839
3055
3554
4012
3244
3584
3739
3103
4046
4095
3579
3660
3470
3416
3239
3216
3436
3592
3255
3949
4095
3712
3957
3055
3408
3552
3071
3632
3812
3812
3760
4095
3839
4095
3408
3586
3062
3392
3699
3175
3568
3930
3391
3331
4095
4095
3541
3054
3382
3620
3143
3296
3668
3721
3923
3952
4095
3143
3528
3414
3007
3250
3750
3803
3809
3691
3407
3689
3825
3501
3095
3386
3550
3578
3455
3105
3284
3672
3741
3222
3514
3554
2983
3126
3774
3835
3106
3593
3947
3983
4095
4029
2983
3052
3456
3696
3060
3473
4015
4095
3690
3442
4095
3282
3416
3376
3035
3056
3538
3795
3821
4095
4095
4095
4095
3476
3003
3416
3796
3447
3564
3524
3575
4095
4095
3799
2975
3216
3546
3660
3050
3472
3898
4095
3980
3728
3351
3679
3378
3568
3285
4095
4095
4095
3544
3520
3359
3799
3520
3588
3495
3003
3460
3556
3071
3501
3809
4095
4095
4095
3588
3642
3051
3224
3723
3483
3578
3982
4067
3724
3414
3240
3039
3140
3418
3590
3039
3360
3925
3933
4095
4095
3923
3753
3640
3434
3343
3038
3432
3638
3279
4021
4004
4095
3171
3312
3730
3551
3408
3546
3199
3231
3544
3646
3179
3219
3480
3578
3039
3592
4095
4095
3997
3432
3115
3168
3610
3883
3215
3402
3664
3539
3344
3508
3599
4072
3994
4095
3925
3704
3675
2971
3316
3368
3231
3256
3876
4095
4095
3868
3574
4054
2987
3050
3432
3509
3019
3584
4095
4095
4095
3882
4095
3455
3448
3436
3007
3266
3664
4095
3990
3933
3823
3359
3468
3544
3119
3056
3552
3860
3295
3836
3973
3765
3613
3829
3065
3338
3884
4095
4095
4095
3039
3080
3694
4095
3600
3731
3539
3007
3410
3620
3216
3524
3727
3771
4044
4095
3455
3029
3340
3302
3151
3147
3656
4095
3863
4095
3766
3706
3039
3128
3458
3594
3120
3436
3639
4095
4095
3786
4095
4095
3694
3684
3088
3316
3423
3467
4095
4095
3351
3662
3508
3553
3087
3050
3316
3667
3141
3536
3647
3539
3600
3606
3179
3328
3394
3614
3199
3697
3732
3781
3220
3468
3802
3849
3508
3534
3263
3029
3480
3536
3183
3691
3693
3995
3631
4095
3896
3293
3204
3424
3047
3586
4095
4095
4095
3748
4095
3999
3444
3282
3095
3046
3404
3610
3675
4095
4095
4095
4043
3971
3714
3684
3064
3392
3575
3909
3994
4035
3519
3850
3592
3744
3074
3336
3800
3247
3588
4095
3735
3572
3666
3654
3115
3184
3694
3547
3906
4095
3571
3520
3798
3327
3938
3766
3167
3240
3396
3560
3063
3284
3642
4076
3259
3880
4095
4095
3110
3156
3664
3231
3544
3864
3659
4095
4095
3782
4095
3312
3566
3583
3052
3300
3303
3540
4095
4095
4095
4095
3924
3552
3055
3052
3490
3706
3332
4034
3871
3423
3720
3773
3087
3148
3628
3551
3360
3448
3391
3670
3764
3894
3167
3563
3702
3633
3232
3782
3739
3479
3504
3434
3263
4058
3853
3682
3003
3116
3514
3779
3352
3546
3567
3892
3990
4095
4095
3169
3340
3354
2991
3384
4071
4095
4095
4095
4095
4095
3912
3544
2999
3048
3648
3577
3704
4095
4095
4095
4095
4095
3823
3101
3364
3380
3147
3362
3972
4069
3503
3863
3768
3566
3279
3023
3296
3408
3279
3179
3744
3980
3439
3776
3568
3560
3311
3031
3484
3962
3355
3656
3528
3536
3131
4095
3882
3564
2991
3056
3480
3756
3233
3448
3934
3773
3908
4095
3739
3057
3304
3498
3062
3568
3547
3607
3835
4095
4095
4095
3448
3368
3071
3043
3394
3574
3147
3685
4021
4095
3946
4095
3843
3215
3328
3342
3407
3243
3608
3868
3279
3756
3864
3795
3280
3365
3407
3023
3480
3562
3311
3622
3648
4095
3309
3312
3570
3514
3023
3763
3919
4055
3552
3348
3359
3994
4095
3536
3119
3054
3440
3628
3199
3203
3600
4095
3738
4095
4095
3063
3296
3288
3247
3288
3741
4017
3679
4095
3672
3698
3545
3264
3642
3407
3348
3540
3463
3825
4095
4095
4095
4095
3580
3515
3007
3056
3570
3816
3568
3844
3559
3719
3878
3656
3119
3064
3348
3444
3295
3103
3522
3812
3415
3489
3718
3824
3019
3112
3713
3922
3552
3766
3407
3039
3556
4095
3687
3238
3512
3630
3072
3530
3571
3055
3584
3814
3839
4095
3862
3444
3103
3052
3392
3616
3155
3600
3852
4095
4095
4095
3664
3622
3072
3172
3737
3143
3584
3920
3731
4095
4095
4095
3304
3464
3583
2975
3442
3552
3223
3590
3667
4095
3795
3704
3714
3657
3080
3384
3183
3195
3602
3899
3371
4095
4095
3763
3448
3306
3327
3467
3601
3974
3223
3056
3636
4095
3767
3554
3678
3655
3120
3560
3567
3142
3634
4028
3709
4095
4095
3652
3075
3264
3621
3231
3802
3917
3463
4095
4095
3841
3467
3050
3314
3480
3039
3456
3816
3903
3992
4095
4095
4095
3664
3512
3023
3074
3568
3768
3258
3872
3981
3859
3946
3951
3199
3054
3382
3436
3071
3316
3645
3961
3284
4040
4063
3431
3548
3523
3066
3564
3831
3573
3684
3442
3175
3263
4058
3728
3199
3033
3306
3572
3111
3264
3728
3807
3384
4095
4095
3525
3372
3436
2975
3200
3645
3836
3277
3888
4095
4095
4095
3414
3179
3030
3276
3490
3215
3438
3764
4095
4095
4095
4095
3524
3111
3030
3360
3518
3243
3305
3621
4025
3711
4041
3566
3552
2979
3244
3801
3379
3504
3678
3295
4070
4095
4095
3788
3512
3031
3200
3757
4069
3568
3893
3683
3223
4095
4095
3243
3460
3732
3613
3544
3712
3455
3227
3690
4095
4095
4095
3624
3620
3046
3316
3845
3653
3648
3854
3899
4095
4095
4056
3163
3058
3310
3550
3087
3424
3881
4095
4095
3936
4095
3871
3442
3460
3119
3048
3516
3624
3295
3596
3994
4095
3567
3186
3424
3488
2991
3208
3526
3606
3199
3632
3876
4095
3537
3472
3818
3215
3381
3764
3328
3764
3567
3007
3474
4095
3765
3131
3466
3404
3191
3207
3524
3498
3243
3448
3730
4095
3995
3091
3388
3418
3055
3296
3612
3820
3311
4095
4095
3747
3536
3286
3694
3127
3370
3520
3311
3587
4095
4095
4095
4095
4095
3705
3058
3336
3798
3503
3640
3820
3535
3733
4095
4095
3195
3083
3410
3530
3055
3341
3572
3929
3567
3876
4028
4095
3243
3336
3526
3632
3267
4042
3850
4095
3021
3320
3958
4095
3444
3480
3403
2999
3590
3688
3263
3208
3702
4064
4061
4095
3799
3535
3280
3360
3407
3323
3552
4017
3827
4095
4095
4095
3019
3056
3340
3448
3047
3400
3734
4095
4095
4095
4090
4095
3714
3606
3280
3404
3167
3227
3568
3722
3447
3886
3838
3636
2975
3048
3384
3530
3007
3316
3738
3879
3720
4095
3779
3275
3552
3446
2967
3440
3888
4095
3402
3400
3531
3375
4092
3864
3111
3084
3362
3588
3151
3306
3632
3906
3347
4095
4095
4095
3364
3372
3359
3091
3614
3715
3427
3799
4095
3666
3834
3232
3408
3564
3063
3456
3811
3311
3748
4095
4095
4095
4095
3888
3071
3178
3624
3774
3444
3753
3279
3760
4095
4095
3243
3216
3528
3586
3019
3328
3678
3824
3360
4050
4095
4091
3620
3518
3251
3042
3504
4077
3571
3899
3588
3670
3179
4095
3941
3359
3510
3480
3067
3714
3867
3295
3604
3948
3866
4095
3801
3606
2987
3064
3544
3733
3372
3856
3710
3938
4095
4095
3127
3056
3402
3472
2971
3202
3604
3994
3757
4095
3763
4095
3620
3448
3035
3114
3442
3614
3151
3440
3650
4095
3788
3672
3572
3640
3023
3216
3708
3699
3434
3716
3583
3786
3995
4030
3227
3167
3336
3484
3375
3739
3721
3836
3066
3416
4030
3927
3532
3532
3151
3107
3564
3640
3155
3352
3612
4095
4015
4095
3506
3440
3279
3021
3522
3620
3503
3774
4095
3856
4095
4028
3482
3408
3167
3039
3496
3604
3279
4095
4095
3753
4095
4095
3602
3564
2971
3192
3652
3735
3528
3851
3567
4095
4095
3988
3087
3076
3500
3660
3023
3356
3878
3951
3786
4095
3823
3386
3548
3522
2983
3317
3704
3852
3387
3039
3416
3784
3830
3446
3504
3532
3007
3276
3636
3616
3119
3538
3802
4095
3773
3696
3792
3311
3296
3448
3167
3300
3604
4095
4046
4095
4095
3135
3280
3274
3131
3055
3484
3622
3503
4095
3624
3685
3931
3588
3710
3063
3360
3468
3263
3241
3598
3968
3919
4095
3804
3636
3071
3072
3512
3672
3224
3528
3731
3723
4095
4095
3415
3520
3548
3649
3071
3861
3922
4036
3492
3500
3174
4095
4095
3415
3448
3434
3195
3501
3538
3584
3263
3988
4095
3910
3583
3360
3611
3606
3007
3346
3736
4095
3675
4095
3672
4095
3649
3372
3039
3056
3502
3804
3368
3788
3951
4095
3766
3752
3647
3097
3484
3496
2967
3240
3616
3844
3227
4009
4095
4081
3469
3440
3447
3021
3412
3482
3151
3528
3770
4095
3793
3994
3908
3295
3440
3396
3327
3582
3643
3918
3019
3064
3630
4095
3055
3252
3476
3561
3019
3410
3576
3678
3179
3952
4095
4095
3348
3410
3487
3013
3506
3588
3303
3564
3902
4095
4095
4095
3804
3071
3290
3322
3223
3168
3554
4095
4056
3614
3627
4095
3412
3442
3167
3051
3468
3508
3167
3472
3932
4095
3739
3684
3668
3705
3035
3400
3788
3575
3584
3904
3535
4095
4095
3941
3191
3280
3492
3688
3347
3868
4095
3753
3428
3766
3746
4050
3900
3359
3396
3617
3271
3214
3576
3942
3471
4095
4095
4095
3192
3376
3707
3199
3536
3664
3439
4066
4095
3669
4095
3406
3496
3544
3046
3268
3870
3375
3818
4095
4095
3927
4095
4002
3019
3222
3544
3665
3055
3504
3913
3675
4077
4095
3354
3496
3800
3151
3416
3440
3175
3180
3579
4024
3423
3870
3666
3731
3151
3300
3696
3731
3530
3764
3295
3038
3432
3746
3343
3280
3512
3526
3003
3362
3640
3779
3382
3792
3719
4095
4038
3698
3095
3108
3480
3672
3039
3592
3816
4095
4049
4095
4095
3665
3130
3216
3435
3007
3546
3696
3701
4095
4088
3729
3683
3434
3699
3550
3404
3461
3239
3417
3668
4095
3850
3926
3586
3529
3251
3062
3548
3584
3103
3496
3848
4095
3768
4095
3919
3559
3456
3496
3231
3675
3816
4095
3220
3420
3755
3829
3600
3512
3119
3100
3558
3624
3143
3242
3588
4028
3855
4095
3628
3658
3031
3204
3640
3752
3373
3884
4095
4095
4095
4095
3023
3064
3328
3480
2975
3292
3658
4095
4095
3731
4095
3983
3560
3510
3007
3128
3584
3702
3386
3769
3615
3723
3664
3601
3027
3300
3755
3573
3328
3510
3271
3462
3736
4024
3519
3470
3512
3521
3015
3160
3730
4044
3501
3672
3553
3631
3419
3828
3584
3624
2983
3280
3686
3708
3095
3508
3835
4095
4095
4095
3199
3054
3384
3526
3255
3255
3664
4073
3711
4095
4095
3996
3074
3322
3619
3015
3488
3528
3471
4095
4095
3784
4095
4067
3624
3714
3073
3368
3810
3623
3672
3987
3807
4070
3794
3584
3103
3164
3466
3464
3167
3151
3610
4095
3715
4095
3883
3231
3532
3508
3023
3400
3796
4095
3506
3296
3661
3759
3786
3650
3183
3274
3739
3731
3510
3516
3179
3479
3804
4095
3707
3598
3472
3470
3007
3138
3504
3674
3355
3956
4095
4095
3623
3094
3328
3338
3055
3075
3440
3584
3407
4095
4095
4095
3627
3276
3601
3698
3062
3388
3839
3375
3641
4000
3963
3786
3544
3584
3074
3460
3802
3247
3480
3580
3571
3789
3890
4076
3219
3264
3520
3478
3135
3560
3712
4095
3263
3057
3570
4044
3199
3396
3682
3727
3330
3666
3439
3207
3642
4095
3833
4095
4095
3487
3408
3444
3115
3368
3658
4095
3763
4095
3926
3909
3207
3256
3616
3652
3035
3398
3682
4095
4084
3588
3657
4095
3710
3576
3023
3226
3601
3790
3440
3777
3679
3948
4095
3920
3051
3226
3498
3596
2987
3320
3648
3934
3577
4095
4040
3980
3184
3540
3800
3275
3632
4095
3519
3925
3482
3554
3179
3686
3740
3743
3408
3444
3215
3427
3508
3608
3359
3660
3950
3987
3055
3134
3402
3480
3071
3248
3562
4031
3605
4095
4095
4095
3079
3296
3739
3167
3420
3538
3255
3981
4095
3712
4095
4095
3858
3103
3434
3586
2995
3297
3594
3967
3463
4095
3878
3576
3071
3062
3442
3540
3039
3276
3670
4012
3523
4005
3810
3893
3392
3548
3341
3155
3740
4095
3695
3980
3852
3415
3642
3920
3199
3296
3488
3643
3195
3572
3592
3766
3503
4020
4095
4095
3151
3242
3462
3536
3255
3483
3672
4095
3839
4095
4095
3790
2983
3049
3308
3392
3119
3314
3754
4095
4095
3808
4035
4050
3496
3536
3111
3121
3472
3596
3223
3998
4071
4095
3560
3508
3215
3045
3480
3581
3031
3284
3584
3899
3311
3744
3601
3592
3063
3336
3536
3736
3357
3816
4022
3207
3384
3632
3207
3596
3690
3714
3328
3496
3279
3171
3530
3676
3307
4014
4095
3933
3065
3240
3608
3703
3312
3658
3831
3927
4095
4095
3807
3248
3494
3553
3003
3252
3620
3738
3479
4095
3588
3797
4095
3870
3327
3039
3456
3538
3071
3516
3748
4095
3705
4073
3862
3319
3448
3573
3043
3424
3818
3687
3676
4059
3559
3802
3608
3701
3183
3284
3600
3856
3647
4095
4095
3720
3192
3658
4007
3479
3576
3545
3119
3229
3576
3616
3163
3541
3856
4095
3850
3598
3239
3052
3432
3596
3135
3508
4095
4095
4095
4095
3925
3071
3300
3417
3063
3496
3785
3431
3928
4095
4095
4095
4050
3544
3183
3027
3450
3466
3183
3329
3594
4061
3629
3755
3504
3534
3047
3222
3468
3578
3011
3466
3740
4086
3207
3592
3686
3738
3240
3520
3815
3439
3853
4042
3431
3098
3352
3548
3195
3382
3633
3751
3284
3554
3423
3251
3562
3749
3319
3695
3896
3736
3087
3232
3648
3751
3190
3728
4033
4082
4095
4095
3559
3227
3576
3662
3080
3456
3727
3498
4004
4095
4095
4095
4053
3757
3175
3092
3500
3618
3147
3505
3770
4095
3767
4070
3798
3799
3232
3520
3854
3535
3622
3726
3455
3884
3750
3990
3135
3373
3672
3628
3091
3882
4095
4095
3538
3432
3455
3315
3606
3760
3159
3232
3636
3830
3050
3448
3880
4009
3798
4095
3421
3597
3744
3690
3072
3528
3839
3415
3914
4095
4095
4095
3536
3522
2975
3052
3488
3610
3071
3746
4095
3595
4095
4095
3639
3155
3474
3510
3015
3272
3662
3908
3532
3930
3747
3331
3488
3520
3111
3082
3480
3536
3167
3468
3872
4095
3287
3500
3741
3786
3378
3504
3519
3964
4095
4095
3303
3072
3494
3746
3223
3342
3628
3760
3274
3845
3405
3171
3634
3962
3499
4090
3890
3880
3274
3428
3669
3167
3608
4095
3853
4095
4095
4095
3569
3468
2959
3064
3554
3712
3222
4095
4095
3797
3744
4095
3503
3682
3846
3159
3528
3610
3391
3607
3835
4095
3487
3408
3669
3719
3179
3392
3770
3711
3376
3865
3935
3613
3586
3656
3215
3233
3516
3580
3103
3868
4006
4095
3408
3378
3719
3275
3618
3749
3227
3139
3540
3813
3119
3316
3669
3902
3527
3887
3740
3610
3119
3051
3504
3560
3199
3728
3902
4095
3995
4055
3568
3556
3007
3060
3518
3683
3127
3976
4095
3560
4095
4095
3680
3722
3082
3434
3883
3291
3593
3872
3467
4028
3960
3311
3472
3536
3103
3288
3540
3656
3091
3913
4082
4095
3192
3508
3827
3619
3608
3498
3319
3935
4062
4095
3179
3080
3506
3608
3231
3640
3654
3772
3322
3752
3487
3207
3626
3778
3479
4056
3824
3830
3107
3364
3851
3727
3610
4095
4041
4095
4095
4095
3255
3051
3380
3544
3003
3296
3649
4095
4095
3738
4038
4095
3676
3532
3071
3298
3676
3796
3304
3864
3895
3777
3648
3597
3071
3246
3562
3757
3304
3536
3359
3541
3768
3927
3159
3284
3646
3842
3143
3392
3746
4095
3639
3965
3713
3572
3015
3424
3732
3902
3310
3508
3791
3295
3492
3548
3199
3455
3747
4050
3249
3674
3821
3167
3476
3533
3279
3834
4095
4095
4087
4038
3490
3456
2975
3051
3504
3657
3223
3974
4095
3681
4095
4095
3568
3587
3039
3314
3698
3772
3267
3824
3910
4095
3456
3496
3551
3131
3558
3645
3111
3444
3660
4043
3243
3540
3750
3823
3496
3629
3303
3236
3632
4095
3861
4068
3520
3456
3135
3563
3658
3854
3431
3208
3628
3958
3193
3548
3962
4059
4051
4095
3475
3516
3546
3712
3091
3450
3881
4095
4095
4095
4095
3956
3488
3492
3039
3048
3472
3604
3403
4077
4095
3766
4095
3806
3576
3606
3039
3336
3720
3915
3360
3900
3999
3647
3560
3614
3071
3266
3650
3789
3338
3594
3703
3651
3577
3632
3071
3394
3562
3804
3135
3268
3758
4095
3817
3918
3423
3019
3404
3580
3379
3509
3596
3578
3147
3282
3600
3614
3251
3630
3959
4095
3570
3784
3835
3159
3480
3534
3263
3841
4095
3926
4095
4036
3578
3464
2975
3048
3502
3590
3315
4095
4095
3748
4095
3945
3570
3661
3099
3396
3762
3775
3448
3993
3645
3763
3600
3612
3103
3313
3598
3653
3195
3668
3912
4082
3341
3275
3618
3921
3338
4004
4095
3343
3788
4095
3831
3983
3538
3472
3063
3694
3740
4095
3375
3264
3626
3716
3089
3496
3837
4095
4062
4095
3635
3459
3468
3556
3055
3290
3706
4095
4095
3696
4095
3803
3468
3404
3087
3048
3456
3580
3403
4095
4095
3779
4031
3620
3779
3463
3472
3584
3111
3441
3686
4095
3438
3722
3835
3231
3514
3504
3327
3162
3570
3720
3227
3552
3597
3605
3103
3472
3768
3987
3470
3498
3913
4095
3874
3833
3069
3316
3810
3707
3746
4026
3167
3338
3805
3707
3368
3600
3542
3791
4095
4095
3437
3568
3687
3019
3468
3564
3247
4094
4095
3691
4095
3730
3568
3626
3043
3298
3741
3773
3713
4095
3782
4095
4095
3816
3159
3228
3696
3912
3315
3650
3758
4095
3570
3672
3367
3107
3554
3816
3159
3508
3786
4095
3538
3568
3439
3099
3566
3806
3267
3910
4095
3615
3608
4095
3371
3345
3522
3474
3067
3638
3804
4027
3381
3210
3516
3576
3035
3298
3714
4095
3942
4095
3853
3761
3186
3418
3647
3071
3613
4095
4095
3714
4095
3263
3386
3404
3039
3050
3516
3642
3483
4095
4095
4095
3300
3460
3479
3087
3560
3776
3279
3528
3713
3886
3035
3350
3609
3727
3216
3802
3910
3563
3664
3888
3103
3320
3676
3728
3328
3912
4095
3935
3770
3566
3327
3955
3660
3802
3256
3372
3407
3845
3816
3889
3119
3210
3472
3560
3135
3544
3956
4095
4090
3902
3760
3716
3131
3460
3819
3263
3872
4095
4095
3883
4095
3750
3081
3344
3821
3143
3602
4095
4095
4095
4095
4095
3127
3480
3840
3750
3592
4041
3771
3567
3616
3724
3200
3452
3599
3195
3645
4013
3231
3544
3612
3552
2967
3204
3546
3752
3298
3985
3976
4095
3378
3464
3759
3639
3568
3540
3091
3122
3656
4057
3239
3402
3598
3692
3082
3474
3583
3479
3892
4095
3503
3330
3584
3578
2967
3182
3544
3660
3491
4095
4095
4095
3112
3400
3742
3343
3400
3538
3127
3790
4095
4095
3595
3371
3532
3744
3316
3682
3455
3761
3728
3700
3183
3288
3592
3680
3037
3514
3868
4095
3408
3706
3822
3469
3512
3494
3167
3666
3992
4095
3740
3944
3439
3043
3588
4088
3219
3531
3508
3458
3199
3683
3630
4022
3119
3290
3629
3761
3328
4076
4095
4095
4095
3914
3261
3488
3843
3499
3556
3722
3775
4095
4095
4095
3263
3216
3640
3701
3220
3500
3677
3747
4095
4095
3599
3521
3704
3782
3328
3840
3995
4047
3682
3584
3183
3183
3480
3474
3199
3466
3793
4095
3327
3400
3658
3711
3059
3480
3889
3755
3929
4095
3407
3737
3864
3131
3520
4018
3323
3450
3622
3676
3062
3472
3674
3733
3099
3216
3548
3626
3163
3804
3802
4095
3367
3404
3792
3720
3316
3516
3407
3174
3817
4095
4051
4095
3896
3443
3392
3512
3047
3306
3584
4028
3542
4019
3748
3710
3086
3536
3810
3807
3570
4095
3615
3247
3540
3638
3047
3328
3610
3872
3287
3675
3730
3927
3440
3496
3231
3192
3649
4095
3647
3817
3773
3886
3183
3368
3814
4095
3827
4095
3902
3535
3510
3730
3375
3557
3572
3698
2995
3228
3776
4095
3590
4095
4095
3661
3592
3592
3103
3260
3705
3864
3648
4095
4095
4054
3520
3520
2967
3276
3508
3642
3219
3901
4095
4095
3668
3608
3211
3300
3596
3884
3293
3890
3794
3683
3063
3298
3474
3564
3163
3515
3608
3894
3135
3232
3548
3606
3007
3322
3736
4095
3181
3690
3806
3773
3520
3504
3099
3813
4091
4095
3177
3288
3712
3781
3357
3836
3892
3275
3520
3541
3007
3540
3894
4095
3729
4095
3898
3415
3548
3568
3143
3428
3648
4095
4095
4095
3985
3119
3434
3550
3013
3388
3704
4095
3543
4090
3884
3699
3532
3730
3167
3656
3816
4095
3762
4042
3841
3679
3482
3589
3227
3724
3979
4095
3433
3680
3656
3728
3123
3476
3822
4095
3638
4095
4075
3423
3604
3593
3067
3920
4095
4095
3952
3605
3087
3218
3618
3862
3167
3473
3568
3600
3087
3386
3704
4089
3417
3750
3770
3759
3194
3464
3842
3691
3696
4095
3849
4095
3856
3640
3015
3212
3616
3779
3386
3990
3726
3615
3586
3564
3175
3452
3610
3736
3283
3684
3842
3783
3031
3286
3648
3764
3276
3706
3891
3799
3560
3658
3063
3188
3554
3638
3199
3698
3880
4095
3570
3680
3167
3516
3661
3987
3637
4095
4095
3709
3352
3546
3319
3442
3788
4095
3294
3514
3726
3143
3628
4038
3529
3872
3876
4023
3147
3508
3742
3757
3516
4095
4095
4095
4041
3888
3039
3320
3694
3762
3201
3893
4095
4095
3945
3946
3227
3298
3656
3922
3551
3920
4095
4095
3191
3426
3764
3768
3312
3848
3803
3791
3728
3932
3200
3516
3863
3293
3616
3900
3415
3780
3808
3906
3055
3480
3706
3857
3467
4095
4095
4095
3100
3484
3862
3773
3722
3969
3223
3424
3522
3684
3147
3524
3816
4095
3680
3899
3215
3310
3692
3744
3246
3952
4095
4095
3852
3604
3135
3232
3560
3674
3208
3608
3998
3910
3922
3814
3239
3155
3632
3798
3317
4003
3968
4095
3333
3372
3790
3749
3392
3636
3641
3657
3816
3877
3135
3305
3560
3683
3175
3481
3622
4095
3448
3832
3867
3483
3600
3826
3287
4014
4095
4095
3593
3496
3635
3279
3630
4095
3739
3858
3895
3399
3570
3602
3279
3777
4018
4095
3607
3777
3770
3786
3163
3728
4063
4095
4095
4095
3885
3473
3530
3610
3147
3304
3640
4095
3591
4056
3840
3840
3360
3536
3487
3496
3814
4095
3621
3716
3802
3743
3448
3588
3191
3536
3691
4054
3363
3566
3724
3708
3171
3588
3859
3979
3594
3908
3583
3267
3532
3682
3195
3632
3778
4095
3584
3808
3832
3159
3548
3625
3230
3616
3830
3981
3347
3484
3768
3159
3540
3792
3445
3690
3606
3752
3163
3552
3761
3910
3327
3918
3910
4009
3178
3400
3752
3746
3264
3676
3874
3789
3732
4041
3259
3458
3650
3766
3199
3468
3730
4090
3525
3712
3179
3420
3620
3760
3159
3770
3813
3848
3243
3644
3800
3751
3360
3834
3391
3483
3660
3832
3243
3508
3644
3985
3313
3828
3792
4021
3304
3866
3890
3972
3708
3888
3343
3660
3684
3955
3299
3636
3772
3915
3197
3618
3927
3807
3602
3810
3263
3624
3913
3799
3682
3801
3223
3425
3660
3924
3119
3520
3784
3926
3337
3738
3783
3783
3604
3786
3215
3413
3672
3836
3228
3640
3864
3762
3548
3793
3199
3372
3552
3832
3151
3318
3586
3776
3171
3442
3620
3778
3123
3564
3732
3948
3330
3608
3819
3583
3572
3684
3251
3332
3680
3904
3095
3648
3724
3987
3224
3572
3910
3823
3608
3600
3259
3586
3617
3965
3443
3842
3766
3835
3384
3778
3751
3419
3608
4062
3398
3804
3896
3598
3594
3634
3179
3621
3612
3917
3315
3732
3705
3820
3227
3499
3688
3886
3231
3744
3840
4031
3251
3841
3900
3839
3603
3988
3379
3565
3856
4095
3576
3842
3451
3575
3664
3924
3379
3747
3626
3793
3155
3577
3648
3822
3183
3688
3751
3975
3235
3649
3696
3768
3219
3689
3850
4040
3183
3562
3746
3922
3218
3936
3990
3721
3572
3760
3227
3424
3684
4042
3311
3712
3749
4015
3299
3698
3870
3695
3635
3766
3271
3556
3686
3864
3187
3480
3684
3716
3179
3598
3748
3886
3193
3504
3752
3979
3079
3528
3712
3967
3175
3536
3854
3844
3448
3856
3771
3450
3612
3844
3300
3832
3871
3839
3472
3784
3423
3551
3612
3904
3219
3720
3816
4011
3328
3632
3891
3955
3656
3808
3303
3485
3676
3917
3338
3908
3970
4027
3354
3744
3846
3383
3662
4018
3359
3776
3845
4095
3459
3822
3919
3791
3680
3972
3575
3816
3868
4095
3544
3924
3583
3559
3769
4064
3427
3722
3816
4095
3270
3796
3925
3765
3600
3958
3386
3844
3818
3986
3600
3922
3263
3531
3602
3810
3255
3660
3638
3912
3263
3656
3801
4021
3282
3608
3916
3931
3568
3940
3235
3675
3720
4010
3243
3864
3894
3817
3642
3973
3199
3674
3833
3948
3384
3694
3709
3485
3576
3917
3247
3590
3664
3797
3402
3756
3573
3375
3600
3704
3195
3634
3772
4001
3280
3664
3892
3889
3796
3796
3302
3942
3843
3511
3612
3962
3181
3578
3689
4075
3187
3684
4006
3917
3586
3704
3303
3614
3644
3780
3215
3693
3742
3939
3225
3793
3820
3967
3552
3802
3503
3529
3668
3845
3439
3546
3697
4095
3369
3688
3888
4095
3332
3788
3957
3923
3752
4095
3595
3986
4065
4082
3660
4000
3511
3628
3712
3979
3259
3732
3769
4000
3289
3624
3744
4077
3378
3752
3940
3799
3704
3680
3323
3626
3656
3812
3215
3841
3796
3895
3596
3894
3179
3482
3668
4054
3263
3658
3756
4076
3277
3662
3872
3693
3628
3922
3243
3918
3886
3739
3648
3696
3211
3489
3662
4029
3247
3561
3736
3852
3199
3408
3726
4050
3359
3608
3798
3909
3232
3568
3901
3989
3650
3827
3275
3504
3642
3920
3432
3842
3631
3567
3578
3878
3261
3616
3674
3873
3230
3778
3908
3883
3696
3866
3282
3856
3861
3327
3644
4095
3443
3648
3780
4056
3256
3756
3908
3829
3588
3840
3383
3762
3782
3911
3187
3628
3797
4095
3580
3962
3739
3547
3658
4022
3323
3686
3688
4095
3509
3952
3993
4077
3690
3642
3419
3716
3971
4013
3405
3758
3741
3921
3562
3932
3371
3778
3756
3965
3323
3640
3636
3830
3195
3542
3674
4095
3305
3568
3694
3825
3125
3616
3832
4034
3658
3848
3383
3642
3688
3832
3183
3670
3861
3977
3640
3869
3239
3375
3594
3672
3223
3613
3812
3969
3504
3682
3431
3355
3630
3892
3308
3760
3858
3447
3552
3804
3151
3556
3676
3869
3279
3622
3746
3928
3307
3654
3856
4001
3522
3876
3750
3482
3622
3766
3133
3640
3874
4037
3672
3882
3339
3386
3592
3873
3263
3750
3791
4095
3321
3768
3764
3983
3305
3770
3907
3831
3684
4002
3231
3770
3911
4051
3496
3838
3527
3771
3794
4095
3460
3923
3970
3775
3768
4036
3355
3833
4064
4095
3456
3882
3701
3471
3610
3973
3309
3782
3780
4067
3456
3828
3819
3677
3680
4020
3391
3563
3666
3907
3223
3454
3760
3978
3199
3587
3681
3938
3298
3734
3755
3595
3664
4014
3423
3792
3738
3803
3247
3692
3788
3959
3456
3838
3875
3826
3600
3682
3319
3357
3654
4053
3290
3652
3873
3807
3488
3592
3199
3684
3630
3812
3151
3624
3712
3926
3277
3708
3902
3686
3668
3998
3287
3586
3708
4072
3473
3834
3531
3602
3642
3917
3250
3800
3864
3932
3640
3747
3479
3548
3596
4025
3498
3945
3487
3547
3744
3780
3295
3872
3745
3892
3343
3664
3728
4095
3411
3664
3812
4095
3217
3784
3928
4093
3488
4068
3631
3709
3830
4095
3347
3680
3792
4070
3682
4004
3591
3560
3857
4060
3279
3792
4085
4095
3310
3860
3913
3499
3642
4060
3370
3913
3903
3647
3750
4035
3263
3592
3704
4078
3249
3713
3916
3893
3660
3816
3263
3640
3740
3992
3279
3730
3870
4003
3291
3833
4020
3599
3652
4042
3199
3548
3773
4053
3183
3616
3876
3875
3508
3862
3551
3423
3606
3828
3191
3622
3756
3870
3600
3816
3319
3581
3606
3810
3135
3530
3638
3960
3282
3874
3788
3865
3354
3842
3835
3671
3660
3864
3223
3613
3707
4000
3275
3712
3940
3867
3696
3786
3375
3549
3689
3863
3263
3588
3750
4048
3342
3638
3712
4052
3223
3824
3945
3966
3420
3866
3603
3439
3680
3991
3407
3606
3834
4095
3355
3860
4057
4022
3720
4095
3327
3928
3976
4095
3703
3888
3969
4095
3474
3868
4053
3447
3702
3964
3199
3912
3688
4082
3508
3653
3615
3408
3888
3984
3391
3612
4006
3811
3448
3853
3543
3720
3728
4006
3548
3820
3371
3810
3757
3941
3135
3592
3868
4066
3496
4095
3703
3543
3760
3749
3484
3744
3695
3483
3604
3877
3499
3492
3636
3932
3199
3504
3694
3917
3209
3456
3764
3839
3344
3777
3835
3607
3712
4030
3403
3704
3732
4086
3195
3612
3942
3721
3712
4089
3211
3923
3691
4095
3175
3771
3883
4003
3576
3824
3279
3312
4081
3905
3690
4080
3603
3840
3630
4012
3367
3708
3800
3998
3452
3931
3818
3403
3598
3841
3319
3768
4028
3967
3820
3981
3463
3925
4021
4095
3708
3904
4002
3925
3788
4095
3389
3826
4095
3711
3832
3852
3435
3822
3803
3833
3416
3856
3875
3667
3632
3936
3245
3800
3920
3935
3552
3820
3435
3516
3714
4079
3321
3728
3878
3778
3568
3816
3211
3789
3896
4070
3536
3892
3327
3458
3689
3848
3243
3680
3834
3941
3456
3736
3635
3499
3624
3928
3215
3762
3889
3903
3592
3706
3199
3791
3578
3918
3135
3526
3696
3760
3229
3560
3717
3969
3215
3456
3748
3888
3346
3772
3895
3547
3600
3752
3215
3568
3819
3830
3408
3716
3407
3442
3634
3990
3239
3681
3770
4062
3199
3673
3806
4095
3421
3981
3985
3815
3744
3950
3411
3592
3604
3864
3195
3571
3704
3903
3428
3726
3327
3598
3681
4083
3323
3904
3914
4041
3690
3938
3507
3689
3668
4095
3332
4095
3931
3463
3622
3860
3259
3827
3806
3906
3407
3568
3770
4095
3677
3800
3827
3583
3690
4016
3419
3642
3880
4095
3161
3444
3756
4095
3634
4095
3775
3485
3628
3664
3231
3752
3894
4095
3411
3786
3874
3715
3592
3816
3199
3658
3698
4040
3400
3825
3559
3275
3670
3722
3205
3416
3716
4011
3190
3738
3786
3900
3352
3634
3775
3838
3520
3776
3103
3392
3685
4013
3478
3856
3848
3721
3512
3570
3263
3725
3694
4030
3321
3540
3822
3976
3449
3738
3755
3439
3818
4095
3546
3732
3800
4095
3842
3806
3191
3825
4095
4095
3625
3864
3910
3875
3584
3780
3455
3890
3685
3894
3430
3984
3787
3419
3616
3910
3367
3876
3912
4095
3449
3768
3889
3743
3832
4039
3231
3841
3930
3933
3540
3782
3419
3610
3636
4075
3263
3744
3780
4009
3272
3682
3856
3909
3512
3800
3662
3415
3592
3776
3187
3610
3784
3915
3256
3752
3913
3547
3597
3842
3199
3548
3714
4017
3322
3707
3918
3610
3612
3884
3279
3586
3798
3986
3426
3808
3447
3559
3658
3912
3195
3730
3726
3762
3291
3724
3913
3763
3756
3904
3203
3416
3792
3821
3730
4095
4095
3559
3552
3571
3127
3564
3826
4095
3435
3676
3800
4095
3269
3688
3864
3487
3624
3954
3323
3554
3626
3864
3183
3656
3776
4095
3592
3958
3327
3592
3672
3898
3215
3766
3814
4026
3556
3786
3755
3451
3576
3932
3309
3866
4095
3725
3576
3762
3207
3848
3992
4095
3592
3808
3854
4039
3376
4009
3980
3914
3694
4002
3351
3832
3764
3982
3175
3532
3762
3973
3368
3836
3892
3774
3633
3958
3375
3694
3768
4035
3179
3738
3902
3943
3426
3734
3721
3421
3616
3784
3230
3648
3830
4011
3366
3768
3922
3783
3600
3907
3507
3326
3681
3912
3251
3432
3694
3867
3326
3804
3872
3559
3590
3830
3401
3800
3698
3763
3290
3858
3803
3575
3718
3836
3167
3530
3822
3996
3307
3674
3902
3735
3716
3968
3302
3650
3812
3922
3622
4095
3547
3848
3816
3783
3335
3813
4009
4095
3808
3760
3555
3437
3620
3756
3191
3594
4022
4095
3716
3936
3878
3455
3610
3957
3455
3924
3934
4003
3264
3556
3860
4095
3778
3952
3319
3770
3706
3843
3277
3820
4032
4095
3509
4060
3968
3629
3744
4095
3335
3789
3690
4095
3570
4095
3908
4044
3300
3608
3902
3791
3802
3997
3399
3786
3908
3695
3612
4004
3283
3704
3652
3929
3255
3792
3860
3949
3588
3858
3627
3439
3654
4066
3391
3580
3732
3905
3371
3968
3992
3899
3574
3737
3335
3653
3753
3999
3322
3616
3912
3615
3690
3938
3255
3552
3680
3846
3159
3548
3852
3699
3634
3664
3211
3554
3733
3942
3472
3892
3839
3423
3596
3881
3423
3808
3762
3851
3568
3630
3211
3718
3925
4095
3347
3704
3930
3470
3624
4042
3591
3788
3813
4095
3544
3640
3083
3668
3750
4069
3497
3934
4046
3899
3800
3704
3239
3518
3762
4095
3792
4074
3515
3405
3584
3825
3279
4076
4095
4095
3247
3750
3750
4095
3323
3826
4089
4095
3436
3816
3882
3959
3792
3750
3275
3471
3796
4095
3583
3626
3782
3984
3656
3904
3339
3924
4016
4095
3267
3682
3874
3967
3490
3700
3307
3545
3602
3883
3311
3670
3818
3909
3372
3933
3967
3693
3612
3680
3251
3802
3843
4039
3223
3558
3744
3912
3255
3682
3887
3687
3604
3865
3263
3541
3773
3989
3328
3552
3870
3463
3594
3804
3183
3540
3788
3822
3362
4045
3868
3423
3640
3816
3530
3340
3781
4095
3616
4095
3605
3916
3672
3714
3118
3813
4095
4095
4095
4095
3175
3348
3649
4075
3362
3638
3759
4095
4095
4095
3023
3394
3862
4095
3740
3950
3862
3743
3123
3500
3953
4095
3716
4095
4095
4010
3782
3744
3039
3320
3726
4095
3929
4095
4095
4095
3836
4017
3091
3488
3813
4095
3749
3748
3887
3631
3940
4095
3223
3482
3784
3916
3512
3638
3199
3234
3650
4095
3623
4095
4095
4095
3195
3440
3817
3303
3680
4095
4095
4095
4095
4028
3140
3520
3899
3419
3676
4095
3575
3762
3680
3674
3135
3556
3854
4095
3659
3700
3741
3754
3131
3456
3850
3667
3572
4095
3910
4095
3728
3752
3232
3532
3707
3263
3625
3860
3447
3752
3656
3841
3218
3836
3873
3817
3536
3524
3255
3522
3588
3728
3251
3922
3954
3842
3254
3674
3918
3707
3464
3586
3207
3667
4034
4095
3476
3718
3895
4041
4095
3979
3031
3174
3576
3785
3418
4095
4095
4095
4095
4002
3127
3260
3564
3690
3455
4095
3846
4095
3289
3912
3851
3707
3360
4064
4095
4095
4095
3955
3113
3442
3813
4066
3899
4095
4095
4095
3920
3606
3022
3204
3665
4095
3810
4095
3924
4095
3650
3470
3381
3135
3464
4041
3574
4095
3818
3807
3504
3598
3351
3368
3779
4095
4042
4095
4027
3343
3362
3505
3351
4095
4095
4095
3777
3600
3015
3338
3722
3766
3363
3981
3987
4095
3932
3709
3147
3400
3762
3755
3474
3610
3199
3892
3792
3722
3138
3972
3950
3819
3828
4074
3159
3508
3786
3750
3604
4095
3695
3930
3821
4022
3133
3594
3832
3611
3476
3732
3263
3782
3793
4095
3498
3522
3279
3162
3602
4095
4005
3808
3772
4095
3160
3914
3858
3583
3496
4095
3950
4095
4095
3555
3480
3560
3271
3554
3904
4095
3839
4034
4095
3936
3035
3196
3698
4049
3812
4095
4095
4001
3544
3564
3223
3302
3608
3746
3239
4095
3752
4016
3604
3728
3615
3268
3588
3893
3987
4095
4095
3671
3368
3520
3295
3472
3769
4095
4024
4020
3307
3158
3484
3693
3089
3372
4031
3718
4095
4095
3685
3219
3548
3657
3242
3798
3839
3941
3460
3572
3856
3227
3400
3620
3667
4095
4095
3728
3066
3344
3766
3582
3506
4095
4095
4095
3843
3657
3022
3240
3669
3769
3441
4095
4073
3821
3572
3610
3135
3442
3734
3825
3410
3584
3885
3907
3714
3946
3131
3328
3726
3978
3796
4095
3199
3336
3688
3766
3303
3867
3866
4085
3564
3758
3518
3193
3514
3644
3211
3652
3952
3847
3708
3904
3159
3504
3877
3945
3352
3776
3887
3967
3957
3912
3155
3640
3821
4095
3387
3492
3778
3879
3234
3620
3935
3839
4095
4095
3315
3396
3770
3757
3361
3758
3951
3683
3570
3616
3031
3420
3752
4095
3432
3732
3925
3479
3796
4011
3199
3330
3604
3945
3423
3898
3766
3688
3031
3380
3692
3839
3222
3733
3889
4095
3357
3684
3874
3439
3538
3604
3315
3760
3805
3722
3106
3328
3827
3767
3932
4095
3286
3370
3708
3790
3562
4095
4095
3693
3562
3544
3175
3286
3674
4049
3508
3704
3295
3554
3700
3983
3205
3634
3849
3859
3340
3704
3795
3503
3613
3668
3195
3626
3890
3906
3612
3900
3347
3672
3678
3811
3195
3840
3974
3955
3568
3672
3311
3512
3660
3808
3159
3616
3851
4095
3616
3836
3823
3507
3834
4095
3223
3568
3788
4095
3643
3728
3868
3711
3520
4095
4095
3550
3600
3653
3158
3801
4095
4065
3768
4088
3315
3500
3640
3778
3067
3500
3836
4095
3625
3688
3775
3485
3570
3705
3328
3848
3925
3535
3522
3718
3327
3584
3724
3742
3059
3544
3892
4095
3609
3811
3828
3611
3640
3699
3063
3516
3916
4095
3728
3610
3798
3291
3520
3808
3191
3524
3688
3882
3302
3556
3846
3595
3542
3699
3643
3754
3606
3692
3123
3568
4066
4095
3653
3732
3135
3376
3684
4095
3609
4056
4074
3711
3472
3644
3307
3222
3574
3794
3361
3982
4095
3555
3488
3698
3381
3874
3802
3934
3184
3650
3914
4031
3538
3800
3078
3632
3974
4095
3696
3861
3503
3551
3832
4009
3279
3364
3790
4095
3375
4060
4057
4014
3340
3664
3903
3655
3840
4095
3789
3384
3648
3712
3127
3354
3806
4095
3778
4095
3335
3445
3689
3888
3456
4020
4005
3631
3416
3610
3499
3537
3628
3839
3248
3708
3906
3677
3574
3688
3167
3757
3943
4080
3186
3592
3819
3867
3392
3636
3749
3463
3586
3894
3287
3728
3830
3707
3392
3605
3607
3235
3590
3929
3126
3396
3674
3976
3218
3640
3798
3908
3432
3884
3821
3359
3544
3681
3195
3626
3892
3551
3792
4066
3373
3640
3882
3691
3520
3856
3655
3705
3665
3841
3139
3576
3834
3919
3664
3760
3283
3528
3681
4018
3303
3714
3810
3916
3193
3682
3890
3639
3564
4033
3359
3892
3957
3966
3199
3728
3818
3945
3426
3890
3915
3911
3892
4095
3351
3654
3668
3983
3433
3800
3873
4095
3680
3920
3789
3619
3568
3786
3118
3588
3858
4095
3498
3916
3391
3439
3656
3861
3247
3754
3912
4023
3506
3780
3603
3259
3564
3650
3263
3930
3862
3958
3392
3790
3935
3689
3632
3704
3215
3520
3812
4095
3520
3736
3857
3805
3552
3620
3279
3430
3677
4020
3159
3560
3800
3976
3202
3612
3888
3455
3586
3738
3199
3632
3888
4095
3303
3684
3866
3663
3576
3770
3319
3507
3624
3958
3334
3842
3803
3534
3604
3948
3355
3742
3804
3972
3408
3856
3869
3567
3628
3851
3211
3640
3893
4065
3362
3744
3836
3535
3568
3906
3359
3676
3884
4017
3317
3866
3880
3938
3492
3848
3717
3445
3716
4059
3283
3904
3892
4050
3411
3932
3947
3735
3712
3747
3351
4049
4095
4095
3338
3866
3897
3695
3564
3730
3247
3473
3680
4095
3393
3756
3892
3875
3508
3766
3279
3666
3672
3884
3259
3804
3827
3811
3392
3656
3751
3519
3674
4034
3259
3618
3812
3804
3351
3728
3846
3846
3696
3782
3179
3578
3686
3746
3281
3937
3893
3985
3484
3616
3247
3619
3692
4012
3245
3540
3865
3493
3650
3692
3211
3613
3672
3875
3251
3568
3856
3967
3368
3744
3595
3583
3564
3860
3219
3504
3827
3960
3339
3712
3875
3956
3608
3892
3475
3411
3616
3788
3191
3488
3769
3974
3279
3708
3976
4095
3346
3731
3870
3899
3520
3752
3391
3613
3746
4063
3576
3923
3407
3405
3661
4078
3291
3888
4070
4086
3590
3828
3779
3671
3637
4095
3411
3907
4040
4038
3788
4018
3359
3505
3684
4028
3287
3888
3978
4039
3360
3736
3711
3607
3678
3802
3231
3859
3860
3998
3374
3933
3919
3865
3492
3758
3391
3327
3640
3993
3407
3899
3868
4076
3396
3672
3877
3619
3610
3768
3383
3486
3734
3941
3284
3634
3894
3863
3548
3754
3435
3516
3544
3876
3227
3456
3819
3951
3295
3552
3826
3886
3314
3776
3814
3487
3624
3814
3157
3744
3841
4027
3355
3738
3916
3701
3626
3906
3155
3668
3780
4095
3344
3904
3893
4019
3677
3944
3351
3389
3736
4002
3564
3918
3611
3728
3617
3992
3217
3680
3842
4046
3386
3902
3805
3518
3600
3874
3195
3589
3728
4095
3306
3854
3964
4095
3624
3890
3739
3635
3645
4033
3279
3858
3846
4095
3555
4054
3970
4095
3626
3956
3215
3660
3721
3980
3229
3720
3944
3803
3744
4076
3211
3692
3886
3975
3530
3944
4032
3871
3604
3692
3191
3416
3705
4000
3337
3894
3893
3757
3672
3758
3255
3574
3664
3894
3223
3825
3875
3806
3476
3784
3718
3579
3597
3786
3303
3562
3650
3936
3221
3552
3871
3839
3492
3624
3495
3375
3600
3826
3271
3752
3864
3823
3536
3726
3351
3483
3634
3936
3207
3688
3835
3983
3642
3772
3179
3515
3705
3905
3360
3904
3963
3725
3665
4054
3143
3570
3748
3862
3794
3917
3379
3890
3969
3953
3314
3877
3851
3539
3656
3948
3315
3717
3851
4040
3696
3936
3195
3824
3916
4095
3374
3864
3977
3799
3606
3906
3375
3736
3896
4095
3764
4004
3355
3625
3750
4095
3249
3786
3908
4086
3348
3857
3933
3791
3584
3790
3291
3643
3681
3912
3231
3704
3794
4095
3592
4088
3884
3653
3538
3814
3221
3528
3740
4074
3292
3816
3874
4095
3476
3598
3727
3351
3610
4027
3287
3961
3872
3979
3556
3688
3251
3473
3704
4087
3285
3658
3872
3901
3562
3740
3195
3520
3628
3718
3195
3520
3752
3887
3275
3752
3946
3967
3538
3710
3579
3427
3568
3744
3183
3676
3744
4095
3207
3570
3913
3794
3528
3908
3467
3577
3760
4095
3251
3650
3842
3857
3596
3976
3301
3750
3798
4042
3231
3674
3852
4069
3494
3974
3923
3709
3661
3737
3302
3664
3950
4086
3472
4056
3963
3811
3776
3944
3391
3696
3892
4095
3456
4088
4095
4095
3502
4009
3978
3834
3776
3904
3447
3484
3784
3924
3303
3888
3873
3998
3664
3930
3231
3744
3856
4019
3385
3816
3918
3871
3624
3768
3195
3680
3756
3909
3480
3832
3551
3573
3616
3916
3223
3748
3850
3973
3464
3749
3547
3447
3652
4016
3328
3736
3858
3615
3620
3771
3163
3650
3748
4017
3297
3756
3897
3689
3512
3624
3431
3322
3654
4012
3233
3658
3890
3984
3436
3736
3916
3727
3578
3785
3243
3638
3752
3914
3274
3832
3888
3907
3528
3808
3375
3563
3714
4058
3229
3612
3763
3969
3488
3832
3415
3662
3764
4024
3412
3788
3903
3907
3530
3886
3839
3670
3632
3861
3239
3696
3844
4095
3456
3868
3901
3805
3800
3912
3295
3827
3992
4095
3585
3969
3931
4053
3720
4038
3327
3955
3834
4095
3431
3620
3878
4026
3576
3974
3651
3534
3637
3961
3275
3688
3958
4066
3416
3676
3851
3663
3604
3784
3227
3674
3896
3966
3808
3930
3381
3680
3834
4032
3460
3674
3631
3399
3572
4045
3407
3832
3859
4001
3576
3717
3317
3512
3736
4062
3301
3718
3872
4030
3244
3684
3905
3747
3552
3672
3295
3364
3718
4042
3305
3840
3873
3871
3552
3731
3403
3447
3688
4095
3353
3918
3994
3639
3668
3750
3215
3712
3844
3988
3520
3810
3655
3375
3686
4095
3246
3726
3802
4095
3385
3760
3934
3801
3562
3716
3279
3734
3881
4095
3392
3868
3892
3837
3653
3843
3327
3793
3991
4095
3530
3931
3902
3551
3650
3982
3339
3904
4016
4095
3824
4095
3455
3950
3944
4095
3458
3760
3852
3802
3625
3949
3299
3770
3994
4095
3584
3890
3167
3722
3878
4089
3560
3776
3567
3479
3741
3916
3146
3572
3840
3921
3808
4028
3419
3888
3826
3941
3476
3800
3872
3503
3752
4095
3229
3698
3819
3823
3528
3888
3446
3749
3754
3988
3390
3892
3848
3682
3426
3648
3263
3640
3794
4061
3456
3716
3701
3455
3612
3726
3199
3668
3904
4011
3698
3872
3631
3375
3764
4095
3231
3522
3872
3991
3488
4008
3673
3455
3592
3770
3319
3864
3869
3778
3398
3760
4027
3821
3584
3912
3279
3847
3763
3762
3171
3632
4032
4095
4058
4095
3822
3335
3608
3880
3358
3840
3916
4095
3942
4095
4095
3391
3536
3771
3479
4095
4095
4095
3970
4095
3737
4095
3903
3527
3512
3846
3599
4054
3982
4095
3450
3936
3956
3567
3566
3674
3291
4095
4095
4095
3744
3820
3247
3602
3808
3867
3150
3568
3910
4095
4022
4010
3263
3746
3901
3772
3520
3568
3167
3680
3938
4095
3589
3528
3896
3775
3907
3828
3083
3488
3910
4095
4082
3982
3846
3691
3312
3730
3551
3419
3566
3870
3684
4095
4040
3581
3468
3492
3263
3686
3995
4095
3331
3886
4095
4095
3282
3408
3806
3737
3690
4095
4047
3900
3800
4040
3306
3624
3794
3815
3392
4095
3997
3903
4095
4095
3159
3522
3836
3921
3272
3732
3886
4013
3972
4095
3127
3544
3837
3671
3672
3854
3283
3850
4095
4095
3444
3728
3896
4031
3674
3640
3171
3981
4095
3714
3997
4095
3913
3279
3608
4058
3443
3801
3984
4095
3920
3932
3820
3793
3110
3488
3872
4095
4095
4095
4043
3998
3868
3624
3033
3274
3837
3986
3632
4095
4095
3823
3684
3776
3147
3410
3788
3817
3462
4053
4086
4095
3968
3738
3109
3524
3853
3599
3572
4095
3742
3988
3712
3887
3233
3456
3812
3439
3504
3686
3359
3785
4043
3784
3472
3568
3695
3355
3512
3782
3628
4095
4095
4095
3620
3604
3411
3151
3602
3766
3372
3854
4095
4095
3568
3584
3023
3322
3688
4095
3477
4095
4095
4006
3980
3920
3015
3100
3680
4002
3360
4095
4095
4095
3866
4019
3199
3408
3722
3779
3336
4026
4095
4095
4095
4095
3179
3378
3810
3811
3314
3672
4095
4095
4095
4095
3199
3594
3726
3773
3334
3806
4071
4095
4095
4095
3071
3628
3798
4095
3136
3488
3905
4095
4095
4078
3637
3778
3844
3691
3398
3738
3797
3831
3712
4095
3633
3648
3820
3511
3484
3760
3302
4095
4095
4095
3968
4095
3291
3042
3468
3752
3253
3744
4095
3971
4095
4095
3159
3506
3776
3725
3352
3524
3843
3749
3860
4095
3207
3396
3804
3699
3528
3568
3211
3920
4095
4090
3420
3546
3707
3131
3520
3632
3147
3864
4084
4095
3416
3925
3899
3571
3456
3524
3059
3982
4095
4095
3814
3984
3847
3310
3484
3706
3250
3642
3913
4039
4086
3936
3541
3111
3412
3552
3163
4046
4095
4095
3712
4095
3950
3716
3043
3368
3842
4095
3338
4045
4095
4095
3880
3835
3271
3275
3688
3822
3357
4076
4095
4095
3986
3877
3183
3284
3750
3786
3276
3872
4095
4095
3584
3570
3279
3391
3584
3640
3083
3568
3950
4095
3584
3764
3887
3503
3610
3504
3003
3540
4095
4095
3946
4016
3878
3627
3444
3500
3179
3612
3804
4027
3608
4095
3583
3070
3449
3576
3083
4042
4095
4095
3648
4064
3823
3247
3360
3600
3072
3684
3885
3487
3714
4095
3405
3480
3654
3744
3157
3500
3889
3730
3704
3998
3447
3514
3690
3804
3436
3548
3433
3205
3892
4095
3277
3392
3792
3863
3322
3562
3888
3581
3620
3914
3603
3199
3952
4095
3555
3432
3812
3531
3940
4095
3869
3821
3652
3942
3125
3416
3836
3929
3472
3868
3599
3839
3817
3642
3027
3322
3822
4095
3786
4095
4095
4095
4095
4095
3059
3368
3862
3923
3676
3809
3610
3863
4095
4095
3135
3360
3811
3894
3556
3754
3277
4095
4095
4047
3224
3476
3882
3578
3490
3588
3279
3898
3942
3818
3570
3706
3143
3484
3798
3751
3572
3962
3695
3367
3632
4095
3686
3825
3785
3071
3724
4095
3642
4095
3917
3868
3216
3488
3803
3351
3572
3773
3163
3733
3988
3979
3344
3380
3131
3424
3982
4095
3423
3756
4095
4095
3300
3442
3679
3263
3616
3984
3335
3838
4095
4095
3450
3488
3827
3243
3596
3734
3237
3923
4095
4095
3522
3592
3199
3336
3584
3608
3215
3904
4089
4069
3192
3496
3929
3733
3498
3580
3179
3512
4070
4095
3220
4021
4095
4095
3348
3460
3611
4095
4095
4095
3289
3762
3995
3669
3668
3712
3079
3738
3952
4046
3846
3894
3279
3075
3488
3738
3493
4095
4095
4017
3945
4095
3348
3304
3830
3619
3612
3962
3343
3691
3929
4095
3351
3600
3826
3641
3656
3785
3343
3776
4095
4095
3676
3550
3255
3288
3568
3706
3201
3780
3938
3827
3600
3637
3155
3596
3818
3750
3396
3734
3515
3934
3472
3914
3589
3920
3856
3539
3512
4076
3739
4095
4095
3734
3352
3546
3647
3319
3488
3708
3351
3746
3888
4095
3396
3458
3539
3187
3690
4095
3719
4035
3958
4095
3600
3428
3805
3439
3568
4066
3423
3898
4040
4095
3547
3640
3869
3539
3448
3584
3423
3744
3818
4095
3375
3458
3860
3916
3465
3528
3679
3439
3752
4095
3239
3392
3885
4018
3508
3612
3655
3491
3745
4095
3638
3650
4095
4095
3654
3566
3263
3414
4000
4095
3914
3990
3932
3645
3584
3674
3203
3520
3904
3967
3884
4095
3467
3389
3528
3728
3238
4085
4095
3893
3904
4095
3891
3796
3724
3705
3168
3626
3912
3850
3752
4095
3807
3569
3584
3776
3224
3570
3848
3611
3684
4095
3635
3616
3840
3725
3436
3492
3579
3215
3672
4040
3227
3349
3756
3834
3304
3552
3699
3255
3596
3988
3507
3228
3786
4095
3654
3640
3758
3503
3854
4095
3771
3894
3620
3920
3160
3416
3820
3701
3532
3928
3719
3567
3622
3720
3134
3412
3854
4039
4064
4095
3551
3790
4095
4095
3051
3296
3841
3507
3734
4095
3382
4095
4095
4095
3544
3546
3479
3333
3602
3736
3351
3947
4095
4095
3616
3862
3219
3865
3870
3663
3552
4095
3791
3295
3558
3724
3191
3545
3708
3779
3313
3680
4052
4095
3396
4095
4095
3791
3512
3405
3167
3939
3964
4095
3305
3736
3854
3759
3216
3556
3810
3443
3576
4088
3519
3668
3586
3726
3056
3492
4036
4049
3726
4095
3515
4095
3987
3517
3272
3458
3279
3416
3648
4036
3411
4088
3885
3447
3496
3620
3151
3488
3886
3935
3440
4010
3583
3191
3562
3822
3070
3384
3812
3947
3714
3889
3122
3590
3899
3647
3520
3552
3183
3424
3752
4095
3266
3660
4095
3849
3692
3618
3051
3708
4095
4095
3769
3602
3503
3215
3552
3616
3091
3460
3843
4095
3948
4072
3271
3304
3780
3765
3496
4095
3965
3873
3968
4095
3891
3644
3782
3707
3610
4092
3431
3858
4095
4095
3821
4060
3837
3391
3482
3610
3215
3707
3742
4095
3712
3646
3247
3406
3676
3691
3118
3552
4031
3810
3480
3540
3223
3666
3762
3787
3521
3588
3199
3626
3923
3966
3338
4095
4095
4011
3200
3472
3923
3812
3796
3800
3151
3714
3636
3748
3208
3524
3844
3623
3554
4020
3579
3371
3448
3611
3041
3566
4013
4087
3432
3816
4095
3951
3490
3456
2999
3296
3780
3980
3332
3945
4095
4095
3668
3626
3117
3440
3838
3819
3640
4095
3651
3450
3568
3885
3401
3682
3809
3539
3612
4095
3355
3621
3822
3853
3418
3876
3852
3327
3492
3708
3410
3966
3835
4095
4095
4095
3119
3256
3876
4095
3971
4095
3693
3579
3698
3680
3135
3594
3852
4066
3692
4095
3642
4028
3916
3543
3480
3598
3487
4095
4095
4095
4019
4095
3629
3030
3472
3742
3372
3920
3893
4095
3824
4095
3727
3459
3584
3675
3192
3610
3909
3598
3786
4095
3239
3428
3834
3988
3328
3440
3889
3863
3830
3842
3135
3210
3680
3989
3244
3508
3829
3797
3532
3927
3547
3298
3758
4095
3434
3612
3774
3495
3592
3954
3375
4014
3876
3737
3340
3560
3343
3394
3584
3760
3395
4022
3996
3959
3128
3412
3794
3993
3906
3930
3375
3905
4095
4095
3060
3256
3835
3739
3532
3808
3725
3721
4063
4095
3331
3488
3844
3671
3520
3672
3327
3749
4092
4095
3300
3684
3880
3727
3548
3690
3249
3976
4064
3695
3618
3856
3271
3592
3840
3841
3400
3912
3986
3831
3878
3734
3497
4095
4041
3855
3448
3604
3511
3860
4095
4095
3256
3588
3869
3543
3648
4067
3248
3764
4078
4095
3672
3588
3607
3163
3560
4095
3399
3680
3913
4051
4036
3848
3135
3196
3629
3796
3344
3728
4021
4022
3917
3992
3291
3428
3642
3814
3424
3628
3549
3610
3624
3804
3207
3562
3752
3768
3062
3408
3854
3886
3560
3564
3455
3315
3570
3572
3099
3372
3816
3940
3330
3826
4024
3595
3546
3954
3215
3516
3762
3775
3356
4013
4095
4095
3512
3654
3147
3426
3768
3963
3173
3520
4024
4042
3737
3826
3194
3450
3867
3859
3728
3810
3387
3703
3912
4095
3173
3404
3836
3583
3628
4029
3554
4091
4095
4095
3872
4046
3103
3398
3822
4015
3688
3966
3655
3782
3686
3965
3366
3740
3905
3615
3552
4001
3771
3563
3672
3856
3290
3697
3858
3583
3648
3654
3259
3850
4057
4095
3456
3552
3819
3741
3744
3654
3035
3434
4045
4095
4095
3931
3168
3568
3910
4013
3410
3472
3721
3703
3912
4095
3470
3414
3829
3743
3572
3916
3135
3556
3897
4095
3904
3961
3455
2999
3476
3584
3294
3601
3644
4024
3585
4082
3941
3573
3412
3520
3275
3419
3704
4095
3338
3820
3821
3583
3592
3798
3107
3189
3564
4058
3439
3632
3798
3899
3452
3836
3761
3299
3612
3716
3255
3733
3888
4095
3466
3945
3687
3482
3564
3634
3207
3834
3950
4095
3592
3640
3838
3567
3768
3898
3162
3482
3932
4095
3892
4095
3679
3303
3568
3797
3437
3858
3908
3923
4000
4095
3433
3586
3872
3786
3488
3854
3723
3645
3770
4056
3525
3984
3768
3819
3500
3696
3359
3520
3681
3966
3248
3870
3898
3819
3504
3622
3175
3411
3680
3912
3328
3736
3919
3810
3576
3592
3119
3344
3762
4032
3366
3780
3978
3863
3484
3858
3463
3546
3540
3674
3237
3876
4095
4095
3480
3546
3514
3359
3600
3689
3157
3432
3860
4095
3506
3741
3795
3411
3552
3610
3187
3552
3854
4080
3704
3983
3535
3239
3576
3781
3227
3728
3910
3967
3624
4052
4015
3763
3625
3680
3149
3697
3834
3931
3608
3913
3383
3738
3680
3981
3328
3604
3759
3509
3576
3782
3191
3792
3930
3941
3658
3968
3259
3642
3903
3993
3554
3937
3519
3821
3758
4095
3353
4002
3948
3687
3681
4095
3591
4095
4027
3738
3616
3894
3239
3628
3896
3779
3508
3892
3763
3583
3596
3850
3255
3574
3922
3855
3504
3724
3453
3746
3766
3990
3165
3544
3937
3743
3768
4050
3442
3874
4022
4095
3544
3558
3431
3382
3592
3859
3261
3760
3902
3901
3706
3822
3250
3568
3893
3549
3560
3697
3187
3568
3762
3969
3388
3650
3679
3263
3635
3857
3301
3752
3885
3767
3712
3772
3231
3400
3666
3948
3227
3618
3971
4095
3706
3818
3375
3328
3604
3822
3238
3748
3810
4088
3533
3931
3859
3591
3584
3678
3227
3612
3897
3995
3498
3750
3795
3774
3650
3692
3255
3634
3706
4005
3433
3840
3926
3931
3730
3897
3295
3664
3840
4047
3424
3760
3875
3943
3960
4018
3435
3840
3830
4090
3480
3786
3679
3469
3664
3810
3335
3610
3784
3994
3283
3713
3928
3850
3770
3942
3329
3788
3860
3947
3464
3736
3519
3479
3584
3952
3248
3616
3902
3775
3688
3952
3235
3672
3898
3844
3624
3800
3243
3450
3729
4095
3429
3804
3699
3359
3608
4022
3238
3768
3887
3667
3536
3716
3607
3263
3578
3787
3239
3732
3815
3803
3586
3742
3175
3612
3802
3935
3424
3770
3711
3527
3584
3924
3185
3570
3888
3791
3648
3941
3179
3638
3938
3823
3576
3794
3475
3538
3626
3866
3351
3707
3859
3807
3700
3857
3299
3718
3882
4060
3480
3745
3470
3461
3622
4001
3351
3898
3896
3899
3656
4030
3247
3800
3878
4015
3524
3664
3543
3719
3652
4063
3355
3872
3952
3847
3716
4061
3344
3842
3986
3995
3552
3892
3598
3501
3604
3758
3247
3700
3861
3861
3712
3892
3267
3728
3909
3914
3444
3717
3291
3492
3650
3957
3293
3848
3913
3527
3640
4091
3400
3760
3874
3733
3576
3704
3247
3617
3716
3959
3252
3686
3880
3647
3592
3904
3226
3660
3934
3879
3584
3731
3327
3371
3640
3844
3209
3716
3873
3689
3616
3894
3189
3632
3894
3908
3596
3612
3387
3411
3608
3848
3278
3688
3959
3789
3664
3979
3259
3640
3882
3889
3478
3836
3642
3615
3632
3892
3241
3602
3860
3885
3652
3912
3287
3796
3899
3843
3634
3926
3215
3718
3818
4061
3402
3740
3866
3499
3624
4000
3420
3952
3967
3982
3754
3838
3339
3565
3728
4095
3442
4050
4095
3885
3768
4095
3423
4009
3979
3898
3568
3971
3775
3509
3732
4035
3201
3818
3981
3775
3666
3908
3361
3706
3880
3839
3608
3844
3755
3583
3640
3816
3199
3497
3816
3951
3668
3916
3315
3814
3881
4057
3490
3725
3738
3519
3608
3898
3223
3658
3874
3943
3628
3734
3319
3772
3762
3942
3316
3664
3806
3647
3564
3860
3179
3540
3810
3935
3456
3632
3662
3431
3572
3837
3323
3818
3902
3781
3612
3894
3215
3638
3792
4095
3650
3872
3227
3680
3840
3988
3461
3956
3804
3695
3618
3928
3263
3712
3911
3892
3660
4018
3345
3950
3910
4041
3440
3908
3767
3705
3688
3957
3207
3691
3868
3859
3712
3941
3339
3944
3935
3863
3610
4017
3255
3746
3970
4095
3946
4095
3571
3834
3928
4095
3461
4054
4023
3933
3836
3973
3327
3664
3828
4083
3544
3874
3730
3575
3664
4095
3378
3838
3861
3695
3536
3744
3495
3483
3596
3932
3243
3618
3912
3855
3706
3838
3251
3748
3917
3875
3552
3614
3455
3512
3598
3981
3302
3808
3894
3603
3642
4035
3239
3822
3900
3925
3492
3747
3507
3359
3578
3829
3191
3688
3850
3804
3616
3728
3211
3702
3972
3820
3496
3768
3295
3446
3642
3954
3260
3720
3875
3647
3648
3997
3239
3712
3893
3799
3584
3900
3423
3485
3628
3986
3303
3800
3904
3789
3724
4020
3231
3800
3992
3945
3610
3858
3566
3502
3676
3999
3419
3796
3924
3799
3752
3973
3410
3884
3972
4077
3416
3796
3711
3709
3772
4095
3422
3928
3957
3881
3850
4014
3343
3872
4042
4031
3700
3880
3323
3600
3824
4026
3588
3856
3830
3467
3644
4020
3297
3856
3959
4050
3500
3893
3557
3491
3572
3830
3215
3706
3892
3747
3656
4048
3281
3840
3912
3907
3574
3688
3367
3576
3610
3795
3231
3720
3907
3848
3640
3808
3195
3468
3741
4027
3414
3733
3571
3435
3586
3772
3225
3714
3868
3519
3652
3833
3199
3644
3839
4054
3362
3738
3850
3647
3608
3697
3215
3592
3752
3903
3522
3948
3738
3527
3672
3954
3209
3616
3867
4061
3354
3764
3805
3671
3616
3864
3223
3650
3732
3938
3341
3920
3910
3903
3560
3804
3615
3434
3645
4050
3337
3706
3817
4087
3632
3920
3811
3783
3714
3972
3323
3914
3974
4071
3654
4040
3662
3495
3752
4095
3548
4022
3975
3971
3744
3856
3183
3698
4000
4095
3426
3848
3801
3479
3634
4061
3362
3840
3890
3787
3722
3722
3231
3739
3814
3912
3440
3918
3954
3742
3670
4020
3263
3680
3882
4074
3608
3869
3499
3470
3578
3893
3194
3682
3867
4018
3572
3828
3383
3532
3718
4016
3304
3620
3867
3799
3512
3733
3295
3387
3596
3820
3207
3676
3834
4003
3356
3808
3775
3519
3592
3824
3239
3584
3796
4029
3516
3760
3763
3543
3708
3841
3239
3656
3817
4049
3356
3818
3765
3687
3626
3844
3379
3542
3738
4041
3456
3944
3814
3707
3712
3938
3215
3731
3898
3983
3648
3922
3367
3712
3785
4076
3544
3816
3711
3567
3790
3899
3447
3688
3921
4095
3516
3920
4021
3747
3798
4095
3513
3938
3970
4015
3652
3916
3379
3623
3698
4060
3331
3844
3926
3653
3652
3836
3325
3840