0
0
3461
3642
3383
3576
3691
3161
3536
3866
3807
3552
3750
3211
3528
3808
3949
3304
3680
3896
3878
3402
3738
3830
3375
3632
3980
3288
3724
3901
3951
3368
3784
3727
3501
3586
3790
3279
3477
3610
3952
3300
3802
3914
3935
3360
3754
3827
3567
3608
3909
3195
3700
3788
4052
3332
3776
3928
3901
3508
3864
3543
3546
3692
4025
3299
3778
3853
4091
3532
3860
3848
3407
3634
4030
3282
3752
3884
3990
3504
3754
3547
3435
3616
3805
3215
3680
3830
3811
3504
3784
3407
3347
3568
3752
3147
3538
3740
4048
3328
3744
3876
3667
3610
3811
3275
3510
3756
3960
3283
3696
3894
3834
3488
3692
3391
3417
3554
3786
3155
3596
3900
3726
3552
3718
3199
3496
3792
3914
3346
3665
3863
3727
3514
3710
3303
3453
3820
3948
3364
3724
3876
3662
3540
3744
3451
3409
3594
3938
3267
3748
3889
3443
3608
3818
3199
3569
3744
4072
3296
3736
3863
3711
3600
3806
3319
3566
3700
3981
3380
3834
3912
3922
3424
3810
3874
3635
3588
3818
3213
3770
3888
4050
3522
3793
3519
3495
3640
3854
3327
3641
3698
4007
3325
3944
3990
3994
3600
3883
3673
3538
3766
4095
3472
3794
3775
3695
3640
3880
3222
3573
3720
4002
3301
3738
3914
3635
3600
3832
3423
3434
3592
3840
3199
3542
3730
4018
3307
3748
3887
3759
3544
3752
3603
3435
3606
3850
3219
3792
3875
3956
3504
3784
3623
3455
3584
3720
3215
3458
3778
4014
3412
3720
3771
3519
3584
3789
3231
3504
3714
3941
3274
3692
3883
3627
3590
3786
3195
3649
3882
3978
3424
3804
3882
3755
3544
3798
3594
3439
3620
3838
3247
3568
3768
4016
3358
3788
3878
4080
3458
3813
3876
3723
3616
3866
3271
3794
3908
4029
3574
3920
3819
3695
3642
3884
3359
3594
3664
3990
3302
3772
3871
3925
3658
3907
3583
3563
3760
4044
3379
3927
4081
4095
3664
3920
3733
3691
3668
3864
3383
3603
3688
3981
3306
3836
3948
4019
3576
3802
3531
3535
3636
3870
3259
3792
3927
3891
3620
3867
3275
3510
3616
4039
3360
3882
3954
3901
3604
3862
3435
3458
3794
4072
3468
3824
3694
3467
3616
3820
3227
3637
3867
4048
3476
3800
3773
3367
3600
3914
3211
3656
3854
3927
3428
3733
3639
3455
3586
3784
3227
3548
3674
3989
3293
3748
3884
3943
3528
3844
3527
3443
3614
3862
3235
3682
3776
4061
3420
3804
3903
3710
3626
3802
3263
3664
3865
4040
3392
3808
3866
3737
3584
3826
3359
3516
3820
4095
3520
3864
3834
3707
3608
3846
3435
3523
3626
3944
3267
3685
3744
4065
3420
3810
3934
4062
3648
3964
3719
3563
3716
4092
3355
3736
3868
4095
3576
3888
3890
3894
3626
3848
3487
3483
3618
3957
3307
3746
3924
3827
3572
3834
3583
3439
3714
3979
3223
3700
3893
3957
3496
3776
3535
3454
3620
3770
3247
3600
3794
3930
3392
3793
3859
3619
3644
3832
3175
3672
3924
3831
3584
3800
3327
3532
3734
3913
3356
3716
3880
3791
3520
3732
3469
3371
3584
3957
3256
3666
3878
3984
3436
3712
3863
3741
3560
3796
3415
3453
3592
3888
3199
3674
3876
4073
3416
3780
3781
3455
3682
4084
3386
3836
3901
3835
3616
3836
3327
3532
3650
3994
3221
3736
3905
3750
3688
3900
3279
3624
3854
4095
3436
3848
3834
3635
3648
3830
3279
3663
3724
4047
3532
3920
3931
4055
3648
3956
3495
3720
3806
4095
3415
3896
3987
4009
3530
3800
3813
3677
3664
3886
3355
3577
3682
4063
3275
3840
3943
3805
3620
3898
3483
3556
3816
4093
3330
3790
3905
4002
3448
3820
3647
3562
3624
3834
3238
3752
3876
3837
3632
3848
3263
3566
3662
3998
3263
3748
3913
3929
3480
3782
3703
3555
3592
3828
3259
3570
3724
3999
3392
3768
3763
3547
3598
3787
3199
3556
3702
3969
3307
3762
3785
3571
3632
3872
3279
3650
3760
4095
3420
3864
3933
4003
3448
3864
3839
3467
3674
4062
3310
3813
3928
3779
3624
3819
3311
3616
3713
4077
3376
3834
3911
3615
3632
4002
3287
3706
3886
4040
3590
3857
3411
3553
3668
4082
3278
3800
3952
3699
3734
3962
3355
3714
3870
4095
3482
3932
4058
4083
3732
3976
3879
3635
3702
3928
3515
3526
3660
3963
3287
3835
3960
3966
3648
3892
3631
3451
3672
3913
3269
3762
3908
3927
3592
3852
3351
3517
3588
3958
3301
3732
3812
4002
3356
3798
3892
3623
3632
3878
3239
3640
3838
4017
3344
3766
3818
3675
3600
3840
3231
3551
3624
4024
3262
3752
3906
3759
3506
3749
3231
3391
3658
3945
3233
3732
3898
3911
3442
3776
3827
3759
3552
3752
3399
3459
3584
3856
3290
3724
3939
3934
3520
3778
3391
3512
3772
4095
3311
3786
3922
3877
3564
3784
3447
3445
3604
3826
3247
3645
3820
3926
3552
3888
3551
3599
3610
3884
3239
3635
3814
4095
3410
3888
3897
3941
3632
3840
3485
3573
3650
4031
3351
3952
4030
3937
3702
3984
3770
3647
3680
3962
3283
3702
3891
4070
3633
3874
3355
3527
3614
3922
3263
3659
3881
3980
3512
3826
3575
3466
3688
3971
3271
3784
3918
3885
3468
3812
3755
3611
3658
3880
3231
3664
3856
3940
3552
3840
3735
3531
3604
3827
3295
3532
3748
4030
3281
3804
3866
3755
3572
3720
3259
3590
3628
3985
3289
3696
3886
3788
3448
3708
3799
3611
3584
3756
3391
3434
3760
4042
3340
3786
3875
3689
3532
3786
3507
3439
3608
3880
3183
3660
3848
3839
3544
3841
3351
3586
3628
4013
3283
3796
3900
3974
3490
3852
3775
3578
3626
3842
3327
3636
3760
4033
3364
3894
3891
3813
3672
3857
3311
3664
3756
4095
3412
3853
3860
3735
3668
3861
3435
3678
3754
4095
3447
3980
4065
4095
3745
3958
3742
3612
3862
4095
3514
3920
3911
3811
3612
3885
3419
3585
3688
3981
3294
3850
3951
3645
3638
3928
3283
3707
3865
4070
3426
3842
3599
3495
3618
3840
3223
3685
3794
3941
3380
3808
3846
3730
3610
3854
3291
3537
3648
3986
3293
3732
3899
3821
3532
3694
3558
3431
3586
3754
3191
3505
3700
3927
3294
3746
3890
3671
3596
3780
3327
3586
3820
3977
3384
3744
3897
3823
3544
3794
3535
3495
3648
3894
3415
3449
3628
3953
3255
3712
3885
4004
3490
3836
3814
3699
3554
3794
3685
3627
3621
3926
3215
3780
3935
3946
3638
3888
3391
3573
3640
3892
3223
3720
3924
4069
3608
3870
3615
3540
3686
4095
3375
3840
4008
4095
3680
4028
3773
3707
3833
4067
3375
3812
3941
4029
3584
3952
3655
3551
3629
4000
3321
3902
4008
3995
3584
3872
3639
3595
3628
3907
3239
3705
3808
4053
3386
3820
3839
3635
3616
3880
3423
3527
3624
3988
3215
3708
3889
3769
3568
3774
3231
3566
3602
3864
3195
3744
3891
3735
3520
3750
3614
3371
3664
3987
3336
3730
3843
3631
3512
3722
3311
3399
3570
3836
3195
3660
3857
3771
3600
3843
3207
3600
3811
4084
3436
3772
3839
3591
3608
3844
3271
3555
3656
4032
3306
3768
3910
3805
3604
3870
3439
3511
3600
3856
3227
3682
3844
4095
3386
3808
3869
3730
3692
3909
3375
3531
3708
4095
3360
3805
3898
3805
3616
3949
3335
3698
3979
4037
3672
3908
3771
3663
3768
4030
3499
3677
3706
4095
3374
3929
3933
3583
3648
4028
3295
3893
3863
4095
3389
3786
3916
3759
3568
3832
3403
3503
3604
3928
3295
3704
3852
4004
3480
3790
3654
3541
3616
3848
3231
3648
3857
4022
3480
3744
3786
3653
3608
3850
3287
3616
3738
4038
3361
3883
3912
3823
3530
3784
3415
3474
3810
4042
3341
3706
3883
3734
3528
3712
3355
3433
3588
3848
3195
3628
3872
3647
3532
3732
3295
3378
3584
3852
3221
3704
3904
3997
3556
3821
3583
3495
3648
3856
3287
3466
3617
3930
3210
3700
3870
3953
3544
3760
3391
3547
3640
3987
3275
3728
3933
3957
3665
3892
3415
3538
3632
3988
3255
3766
3941
3795
3648
3864
3291
3692
3955
4074
3682
4009
3625
3761
3752
4095
3489
3902
3932
4095
3526
3974
3811
3565
3730
4095
3467
3948
4000
3988
3600
3886
3727
3563
3648
3883
3207
3718
3876
3880
3544
3840
3603
3515
3626
3862
3210
3776
3966
3795
3618
3814
3327
3632
3720
4064
3305
3814
3883
3819
3608
3850
3439
3457
3628
3938
3271
3596
3868
3899
3552
3784
3502
3459
3603
3833
3163
3570
3819
3934
3408
3728
3740
3543
3532
3748
3391
3474
3763
4074
3512
3768
3679
3550
3608
3844
3237
3704
3866
4088
3490
3816
3771
3387
3696
4095
3369
3864
3904
3863
3610
3812
3375
3429
3584
3908
3247
3792
3929
3858
3688
3947
3367
3648
3708
4074
3384
3836
3962
4066
3620
3948
3503
3605
3800
4024
3447
3783
3909
4095
3595
4064
3988
3935
3834
3994
3511
3682
3744
4044
3402
3936
3977
3993
3720
3915
3391
3681
3714
4095
3373
3832
3928
3862
3600
3846
3551
3519
3736
4069
3345
3796
3914
3932
3516
3858
3509
3459
3616
3899
3231
3722
3840
3871
3512
3756
3751
3535
3616
3757
3239
3538
3868
4015
3444
3781
3853
3781
3680
3928
3253
3737
3882
3983
3508
3740
3519
3405
3576
3781
3167
3684
3898
3769
3604
3844
3399
3501
3672
4078
3421
3782
3863
3663
3632
3789
3191
3596
3684
3955
3314
3768
3915
3864
3658
3978
3581
3609
3668
4010
3251
3708
3913
3961
3492
3784
3518
3464
3744
4095
3572
3898
3974
3909
3620
3954
3771
3635
3752
3981
3311
3740
3957
3791
3676
3963
3287
3809
3970
4095
3688
4012
3995
3903
3792
3986
3515
3713
3764
4075
3343
3782
3784
4087
3329
3804
3914
4095
3531
3888
3699
3579
3680
3955
3259
3712
3900
4068
3505
3822
3789
3591
3584
3810
3251
3605
3722
4083
3496
3896
3853
3413
3588
3908
3291
3800
3918
4077
3458
3778
3635
3502
3600
3779
3311
3506
3600
3840
3167
3629
3745
4008
3416
3760
3499
3381
3572
3829
3183
3508
3626
3973
3277
3696
3941
3823
3584
3816
3319
3528
3656
3970
3295
3800
3903
3810
3638
3788
3239
3585
3822
4071
3474
3890
3915
3787
3584
3804
3375
3458
3608
3832
3211
3722
3891
3821
3620
3906
3367
3559
3644
4040
3338
3891
3871
3875
3624
3875
3653
3499
3664
3888
3355
3682
3793
4095
3544
4000
3972
3811
3848
3990
3471
3776
3840
4095
3430
3885
3882
3835
3686
3813
3507
3547
3664
3951
3251
3841
3885
4095
3434
3946
3914
3519
3640
3971
3207
3668
3858
4021
3376
3848
3868
3788
3572
3820
3327
3529
3628
4015
3207
3702
3894
3945
3572
3764
3595
3471
3628
3800
3279
3451
3570
3802
3179
3492
3830
3989
3424
3698
3839
3627
3544
3668
3533
3351
3576
3706
3255
3481
3628
4037
3352
3806
3896
3810
3560
3826
3463
3471
3624
3956
3281
3766
3894
3903
3616
3872
3239
3704
3804
4077
3443
3835
3775
3637
3588
3692
3539
3382
3568
3716
3223
3542
3890
4036
3516
3861
3735
3625
3624
3872
3443
3469
3609
3910
3243
3732
3883
3739
3572
3859
3375
3590
3754
4095
3502
4000
4074
3990
3764
3947
3343
3646
3744
3998
3460
3844
3703
3607
3608
3856
3351
3566
3656
4044
3370
3766
3903
3794
3608
3772
3439
3448
3610
3985
3329
3805
3782
3573
3620
3806
3515
3475
3638
3856
3237
3584
3896
3887
3568
3750
3279
3470
3598
3832
3189
3564
3792
4095
3418
3776
3695
3355
3600
3922
3243
3578
3869
3802
3540
3696
3175
3490
3652
3956
3348
3752
3865
3511
3584
3768
3223
3482
3622
3912
3249
3684
3915
3699
3620
3836
3215
3560
3666
3994
3296
3720
3921
4002
3532
3824
3559
3511
3604
3897
3263
3734
3780
4095
3323
3840
3975
3859
3584
3805
3519
3467
3618
3996
3275
3748
3942
3951
3606
3886
3319
3758
3950
3979
3660
3936
3403
3612
3660
4069
3353
3900
4011
4037
3720
3952
3541
3770
4001
4084
3712
3896
3439
3573
3643
3983
3273
3656
3870
4095
3544
3884
3647
3582
3732
4095
3432
3890
3803
3647
3560
3840
3291
3585
3738
4095
3458
3874
3868
3503
3600
3893
3215
3690
3798
4057
3341
3786
3881
3710
3608
3840
3247
3500
3702
3979
3290
3736
3899
3817
3498
3756
3467
3347
3588
3716
3183
3480
3776
3981
3474
3698
3767
3583
3590
3752
3359
3443
3592
3792
3215
3720
3896
3946
3562
3856
3526
3579
3826
4095
3592
4038
3816
3663
3664
3882
3279
3489
3620
3996
3302
3848
3930
3711
3740
3950
3499
3621
3640
3922
3263
3708
3832
4046
3456
3754
3853
3742
3628
3834
3597
3603
3820
4090
3447
3888
3912
4095
3576
3959
4020
3907
3636
3851
3519
3567
3830
4095
3536
3904
3785
3733
3726
3931
3427
3621
3686
4033
3408
3840
3832
3493
3632
3938
3287
3698
3736
4067
3392
3925
3907
3723
3648
3877
3390
3559
3636
3999
3255
3768
3931
3823
3706
3850
3247
3578
3764
4041
3338
3802
3849
3673
3620
3850
3199
3624
3668
3970
3360
3744
3739
3539
3576
3745
3343
3381
3584
3833
3191
3720
3879
3742
3592
3850
3315
3599
3706
4064
3442
3850
3775
3571
3560
3824
3255
3660
3894
3996
3616
3842
3415
3579
3674
4001
3334
3884
3929
3949
3612
3874
3423
3518
3922
3945
3657
3878
3479
3583
3696
3992
3319
3772
3832
4095
3474
3924
3862
3551
3656
4052
3292
3872
3923
3934
3732
4012
3935
3829
3854
4048
3429
3876
3980
3951
3628
3864
3567
3523
3618
3826
3231
3651
3790
4095
3525
3971
3750
3699
3712
4095
3355
3752
3786
4095
3456
3812
3639
3549
3632
3869
3399
3523
3706
3992
3307
3736
3889
3881
3628
3778
3419
3419
3584
3840
3215
3676
3862
4095
3424
3804
3846
3483
3602
3858
3247
3560
3668
3968
3283
3684
3878
3674
3536
3664
3307
3346
3564
3844
3181
3689
3806
3993
3372
3754
3701
3450
3600
3764
3263
3497
3668
3986
3335
3750
3889
3831
3689
3936
3367
3671
3750
4095
3384
3867
3883
3767
3660
3888
3255
3560
3904
4021
3618
3828
3631
3555
3708
3936
3365
3736
3796
4095
3584
3898
3822
3467
3620
3954
3286
3830
3943
3886
3790
4018
3499
3778
3874
4095
3504
3960
4045
3615
3690
3944
3258
3732
3905
3962
3560
3829
3477
3538
3688
3883
3303
3765
3907
4095
3680
3892
3694
3567
3604
3817
3271
3494
3662
3966
3326
3866
3887
3782
3624
3800
3423
3542
3670
3973
3242
3744
3810
4075
3416
3830
3686
3455
3584
3784
3243
3642
3884
3995
3576
3834
3343
3443
3562
3830
3165
3636
3838
3909
3442
3672
3703
3319
3608
3920
3332
3676
3929
3791
3560
3778
3351
3465
3610
3974
3249
3752
3906
3727
3616
3840
3415
3487
3612
3984
3359
3730
3758
4095
3436
3900
3966
3939
3616
3800
3591
3487
3616
3897
3221
3834
3920
3799
3664
3916
3471
3592
3664
3900
3287
3708
3938
3823
3610
3880
3413
3649
3716
4095
3486
3957
4022
4095
3748
4044
3759
3571
3804
4095
3488
3801
3765
3574
3602
3897
3243
3548
3718
4044
3398
3880
3959
3763
3688
3962
3615
3523
3600
3826
3175
3592
3802
4088
3488
3792
3695
3543
3670
3880
3271
3600
3630
4024
3269
3776
3907
3869
3536
3778
3387
3391
3584
3838
3199
3704
3843
3651
3588
3843
3253
3584
3740
3954
3432
3684
3703
3499
3568
3684
3339
3427
3690
4036
3336
3754
3876
3719
3552
3812
3311
3505
3692
3986
3299
3749
3863
3403
3622
3841
3199
3685
3750
4095
3548
3836
3675
3549
3608
3857
3387
3550
3642
3962
3235
3706
3905
3943
3461
3852
3701
3583
3684
3957
3315
3761
3898
4095
3594
3872
3719
3577
3672
3904
3447
3538
3642
3877
3287
3812
3986
4095
3676
3926
3903
3619
3698
3942
3303
3637
3840
4055
3552
3803
3515
3471
3624
3880
3231
3760
3877
3863
3626
3924
3605
3550
3628
3800
3263
3502
3632
3984
3293
3796
3911
3801
3636
3929
3295
3546
3664
4060
3305
3762
3899
3945
3514
3780
3531
3435
3572
3852
3215
3674
3839
3663
3584
3784
3375
3375
3544
3800
3231
3448
3648
4013
3378
3692
3806
3351
3576
3891
3215
3688
3896
3930
3546
3717
3579
3530
3616
3854
3191
3566
3754
3933
3458
3786
3687
3467
3620
3826
3247
3757
3896
3992
3480
3870
3673
3598
3660
3968
3343
3748
3902
4083
3568
3842
3818
3667
3682
3896
3307
3589
3715
4095
3512
3870
3711
3655
3730
3953
3307
3681
3740
4095
3514
3926
3783
3631
3712
3968
3339
3824
3989
3959
3650
3878
3311
3604
3664
4064
3338
3802
3909
3789
3604
3876
3319
3696
3851
4095
3584
3904
3451
3589
3608
3884
3299
3539
3630
3895
3235
3708
3800
3932
3482
3786
3630
3551
3644
3861
3295
3572
3606
3980
3249
3718
3868
3919
3448
3720
3629
3511
3604
3782
3251
3458
3594
3961
3241
3716
3892
3817
3572
3749
3355
3442
3830
4010
3506
3776
3531
3455
3600
3830
3251
3510
3637
3948
3225
3696
3826
3882
3512
3844
3515
3497
3593
3973
3183
3702
3873
4013
3500
3864
3781
3731
3690
3978
3371
3690
3702
4071
3421
3883
3883
3749
3616
3896
3343
3588
3778
4095
3502
3906
4003
3879
3726
3962
3791
3743
3782
3992
3431
3582
3666
3931
3199
3725
3954
3815
3634
3898
3431
3675
3654
4036
3383
3836
3911
3825
3610
3860
3259
3572
3594
3894
3207
3524
3628
4019
3261
3750
3833
4084
3560
3918
3823
3667
3666
3922
3279
3720
3894
3827
3572
3856
3455
3545
3626
3972
3363
3858
3905
3835
3588
3822
3419
3496
3768
4042
3440
3756
3493
3375
3568
3794
3279
3459
3632
3965
3352
3800
3853
3403
3596
3945
3314
3728
3922
3753
3532
3768
3455
3467
3624
3832
3215
3524
3688
4062
3362
3812
3881
3653
3586
3816
3183
3618
3787
4016
3429
3896
3730
3579
3684
3900
3391
3664
3706
4001
3343
3786
3906
4053
3656
3854
3327
3679
3700
4033
3403
3926
3988
3983
3780
4010
3595
3726
3786
4095
3410
3904
3976
4095
3532
3838
3663
3437
3624
3896
3255
3666
3835
4095
3514
3914
3878
3743
3616
3845
3415
3497
3608
3900
3250
3772
3906
3739
3602
3848
3351
3551
3640
4037
3359
3888
3942
3823
3728
3862
3323
3609
3728
4095
3360
3809
3845
3695
3624
3836
3199
3654
3728
4068
3464
3824
3833
3627
3612
3776
3179
3520
3674
3979
3384
3742
3671
3455
3600
3835
3247
3745
3874
3735
3552
3786
3383
3505
3604
3894
3231
3684
3838
3943
3512
3786
3657
3439
3652
4094
3426
3902
3707
3599
3594
3822
3195
3662
3816
4013
3564
3824
3487
3461
3690
4095
3402
3856
3831
3699
3668
3938
3303
3680
3714
4095
3463
3904
3925
3595
3766
4031
3365
3964
4094
4095
3752
4068
3679
3765
3908
4095
3423
3976
3967
3639
3738
3942
3431
3509
3610
3983
3273
3741
3928
3847
3596
3864
3439
3652
3640
3896
3287
3628
3758
4084
3428
3781
3679
3566
3616
3869
3199
3654
3856
4074
3496
3760
3663
3671
3658
3896
3475
3558
3618
3932
3258
3792
3929
3973
3552
3818
3645
3395
3654
4094
3386
3773
3844
3687
3514
3761
3483
3455
3584
3804
3231
3491
3608
4013
3269
3750
3892
3951
3540
3886
3519
3549
3658
3910
3263
3685
3853
4007
3610
3830
3643
3597
3616
3835
3355
3475
3625
3836
3199
3580
3744
4006
3398
3752
3884
3571
3618
3762
3215
3504
3602
3845
3211
3618
3849
3887
3564
3784
3319
3451
3616
3810
3194
3612
3872
4008
3538
3789
3709
3539
3616
3812
3311
3522
3630
3958
3231
3700
3818
3463
3560
3596
2967
3052
3008
3030
3042
2864
2891
2891
2864
2868
2895
2866
2868
2877
2864
4095
2955
2931
2976
2984
2927
3004
3008
3362
3020
3484
4095
3490
3216
3062
2968
2888
2911
2895
2864
2872
2891
2864
2878
2879
2864
2866
2895
2864
2872
2879
2858
2864
2891
2875
2852
2856
4095
4095
4095
4095
3502
3588
3810
3159
3394
3498
3003
3336
3772
3789
3440
3642
3487
3379
3600
3792
3191
3532
3867
3389
3512
3552
3019
3146
3538
3726
3060
3296
3721
3287
3176
3352
2975
3036
3592
3423
3152
3306
2991
3028
3410
3678
3050
3346
3634
3155
3352
3496
2999
3336
3823
3371
3536
3730
3339
3764
3924
4095
3783
4095
4095
3987
3644
3670
3111
3193
3597
3757
3112
3448
3686
3183
3464
3614
3131
3504
3718
4095
3632
4095
4095
4095
4095
3920
4095
4095
4095
4095
3914
4053
3817
3339
3468
3514
3211
3029
3420
3450
3127
3045
3514
3724
3088
3392
3366
2983
3394
3469
3255
3155
3560
3923
3351
3938
4095
4095
4041
4095
3929
3919
4095
4095
3794
4095
4095
4095
3888
3979
3623
3223
3528
3616
3003
3242
3696
3738
3206
3372
3551
2999
3308
3402
2959
3045
3408
3532
3047
3282
3743
3311
3282
3388
3031
3038
3432
3732
3154
3444
3655
3223
3490
3578
3063
3444
3863
3503
3564
3630
3359
3390
3586
3776
3183
3590
3752
3917
3434
3636
3594
3267
3596
3858
3251
3630
3893
3487
3540
3590
3243
3247
3544
3584
3115
3346
3630
3824
3306
3648
3755
3423
3540
3564
3179
3253
3524
3652
3115
3520
3882
3571
3484
3536
3339
3182
3520
3590
3151
3239
3536
3788
3217
3653
3874
3655
3605
3820
3319
3508
3800
4033
3532
3888
3615
3559
3576
3804
3207
3717
3901
3853
3524
3640
3387
3282
3642
3810
3188
3504
3830
3351
3482
3552
3039
3273
3684
3775
3218
3448
3803
3151
3456
3600
3039
3376
3853
3451
3442
3502
3195
3063
3496
3628
3043
3392
3856
3343
3464
3508
3227
3161
3508
3688
3035
3372
3827
3599
3448
3520
3359
3131
3514
3622
3159
3284
3584
3794
3270
3592
3821
3519
3556
3700
3231
3420
3595
3925
3274
3784
3867
3619
3640
3945
3275
3814
3868
4095
3742
4095
3883
3767
3768
3990
3557
3856
4061
3967
3720
3896
3323
3546
3636
3908
3288
3708
3799
3439
3570
3712
3199
3500
3872
3891
3514
3714
3651
3451
3488
3650
3399
3355
3584
3632
3438
3275
3584
3776
3191
3538
3792
3826
3481
3640
3403
3238
3552
3685
3131
3502
3790
3819
3442
3556
3439
3159
3500
3568
3071
3386
3800
3638
3445
3514
3275
3119
3498
3693
3125
3508
3803
3351
3504
3554
3147
3240
3644
3798
3198
3524
3804
3375
3504
3552
3223
3292
3776
3873
3498
3706
3367
3286
3544
3661
3151
3548
3880
3802
3520
3701
3375
3456
3820
4031
3430
3802
3747
3603
3584
3842
3255
3491
3608
3892
3241
3756
3912
3446
3616
3894
3215
3653
3754
4095
3448
3817
3849
3643
3612
3754
3207
3466
3638
3939
3199
3610
3794
3998
3460
3808
3711
3603
3610
3798
3239
3570
3634
4018
3270
3772
3887
3635
3637
3858
3279
3387
3568
3845
3199
3564
3696
3962
3338
3729
3831
3367
3566
3704
3151
3514
3798
3928
3380
3562
3747
3471
3552
3584
3159
3384
3644
3798
3232
3578
3609
3271
3508
3572
3123
3194
3586
3808
3240
3504
3844
3487
3514
3544
3191
3336
3674
3826
3302
3584
3803
3347
3560
3614
3175
3392
3589
3785
3250
3584
3749
3431
3584
3657
3167
3516
3626
3892
3381
3650
3723
3391
3578
3726
3291
3484
3865
3974
3482
3750
3635
3503
3600
3853
3263
3563
3636
3956
3263
3800
3928
3727
3642
3882
3622
3531
3670
3912
3471
3591
3670
3952
3355
3822
3954
4014
3628
3869
3367
3535
3574
3818
3287
3491
3604
3864
3207
3546
3685
3949
3404
3740
3443
3415
3658
3949
3328
3716
3851
3675
3510
3686
3371
3315
3576
3728
3199
3440
3680
3856
3290
3694
3860
3559
3584
3680
3255
3331
3584
3744
3155
3520
3736
3933
3368
3590
3715
3469
3532
3568
3239
3294
3545
3697
3175
3596
3888
3615
3536
3632
3255
3444
3852
3851
3560
3664
3355
3349
3560
3816
3195
3692
3849
3901
3524
3801
3391
3524
3835
4040
3562
3870
3698
3739
3604
3786
3303
3497
3616
3874
3199
3680
3752
4065
3504
3834
3811
3739
3632
3879
3471
3509
3620
3909
3219
3622
3664
4082
3440
3841
3731
3669
3728
4031
3371
3740
3762
4048
3311
3835
3981
4095
3656
3920
3535
3607
3752
4095
3432
3800
3899
3803
3602
3852
3391
3455
3608
3890
3183
3762
3897
3639
3620
3787
3275
3490
3588
3886
3191
3701
3905
3773
3570
3762
3263
3436
3628
3932
3328
3682
3774
3547
3632
3826
3191
3485
3696
3988
3392
3688
3627
3427
3596
3750
3179
3572
3836
3970
3440
3626
3634
3439
3592
3732
3183
3444
3596
3934
3275
3692
3771
3583
3606
3794
3215
3569
3636
3938
3328
3768
3885
3735
3589
3824
3275
3712
3927
3821
3634
3832
3415
3515
3653
3875
3239
3580
3640
4012
3291
3816
3926
3551
3694
3958
3319
3593
3658
4078
3361
3880
3944
3797
3612
3936
3479
3587
3638
3878
3323
3578
3688
3981
3367
3893
3992
4070
3752
4010
3583
3579
3758
4016
3319
3784
3903
4061
3565
3902
3663
3603
3616
3808
3359
3479
3618
3851
3255
3552
3620
4015
3238
3746
3880
3954
3508
3738
3519
3467
3600
3836
3215
3528
3644
4013
3364
3771
3807
3519
3616
3853
3215
3568
3624
3959
3266
3722
3898
3735
3540
3715
3295
3514
3896
3749
3576
3736
3339
3327
3562
3740
3151
3596
3875
3835
3540
3712
3343
3470
3824
4073
3522
3752
3725
3563
3572
3816
3419
3439
3616
3883
3263
3516
3638
3876
3231
3584
3838
4095
3556
3830
3519
3477
3624
3857
3231
3696
3888
3928
3673
3824
3439
3539
3616
3965
3282
3768
3935
3863
3664
3881
3471
3526
3624
3944
3259
3744
3922
3862
3684
3892
3413
3622
3664
4040
3311
3832
3995
4095
3684
3897
3399
3653
3896
3908
3568
3876
3559
3405
3618
3856
3207
3664
3886
3970
3562
3844
3499
3490
3691
4014
3320
3786
3850
3687
3552
3781
3231
3559
3629
3996
3371
3820
3830
3433
3592
3860
3215
3590
3764
4057
3444
3756
3727
3510
3604
3808
3295
3401
3570
3748
3383
3391
3616
3737
3163
3526
3670
3980
3313
3680
3855
3635
3564
3740
3319
3504
3829
3964
3552
3766
3323
3489
3592
3884
3239
3697
3878
3975
3552
3812
3495
3506
3673
4072
3447
3904
3775
3695
3640
3924
3191
3660
3758
4095
3544
3853
3583
3519
3669
4095
3392
3837
3883
3747
3616
3906
3575
3535
3632
3840
3493
3511
3634
3866
3283
3684
3828
4095
3558
3910
3867
3815
3716
3986
3343
3645
3684
4006
3307
3789
3934
3959
3680
3818
3327
3463
3630
4029
3302
3746
3923
3743
3608
3874
3327
3586
3812
4047
3612
3724
3283
3390
3566
3961
3249
3788
3909
3894
3576
3800
3391
3518
3845
3993
3554
3794
3483
3487
3602
3796
3191
3580
3634
3922
3255
3750
3839
3351
3600
3853
3179
3556
3729
4014
3434
3766
3583
3471
3576
3830
3191
3569
3624
3948
3211
3676
3816
4031
3556
3851
3367
3467
3624
3920
3255
3707
3753
4095
3404
3816
3559
3571
3650
3906
3327
3586
3656
3924
3241
3738
3898
3743
3596
3810
3415
3593
3796
4095
3474
3792
3647
3579
3652
3884
3247
3676
3736
4095
3428
3818
3787
3495
3644
4095
3356
3890
3858
3743
3706
3921
3415
3733
3696
3972
3333
3880
3913
3875
3592
3860
3411
3455
3636
3846
3255
3539
3592
3848
3211
3605
3782
4095
3448
3784
3555
3535
3616
3808
3279
3435
3576
3836
3191
3604
3750
4059
3410
3888
3741
3439
3620
3934
3231
3618
3734
4091
3400
3770
3671
3571
3616
3846
3199
3596
3772
3950
3406
3720
3727
3563
3594
3780
3159
3423
3577
3861
3171
3481
3640
3970
3278
3692
3820
3657
3612
3816
3243
3488
3568
3806
3235
3656
3850
4091
3532
3826
3583
3418
3630
3898
3287
3602
3640
4094
3424
3838
3607
3535
3576
3796
3367
3557
3624
3856
3231
3653
3838
3999
3552
3858
3483
3562
3628
3890
3311
3511
3620
3893
3343
3637
3880
4089
3640
3932
3531
3611
3736
3972
3403
3645
3704
4000
3299
3870
3942
3615
3708
3966
3327
3639
3694
4008
3288
3744
3884
3679
3640
3802
3439
3463
3604
3908
3199
3724
3766
4043
3504
3796
3391
3451
3592
3937
3243
3725
3880
4003
3584
3828
3391
3495
3608
3816
3287
3527
3596
3936
3245
3665
3851
3915
3538
3792
3447
3425
3584
3936
3356
3768
3663
3515
3520
3730
3247
3418
3584
3944
3261
3740
3880
3535
3584
3786
3239
3507
3696
4046
3362
3781
3861
3689
3612
3820
3279
3446
3596
3864
3227
3570
3649
4088
3307
3848
3825
3675
3616
3848
3327
3560
3604
3874
3251
3680
3922
3909
3672
3896
3367
3477
3628
3944
3375
3574
3622
4040
3313
3864
3901
3723
3672
3901
3535
3583
3760
3947
3337
3764
3812
4095
3613
3924
3839
3615
3674
3910
3279
3810
3906
4037
3530
3960
3795
3515
3620
3856
3415
3543
3642
3794
3199
3762
3910
4023
3568
3900
3735
3499
3576
3816
3363
3491
3650
3837
3271
3537
3630
3932
3211
3568
3720
4095
3448
3792
3634
3483
3680
3896
3279
3499
3588
3930
3259
3620
3894
3707
3608
3772
3183
3449
3654
4007
3366
3770
3814
3567
3600
3872
3215
3632
3875
3717
3596
3828
3317
3515
3642
3792
3223
3640
3832
4095
3490
3832
3623
3433
3628
4036
3400
3848
3819
3623
3642
3888
3247
3613
3742
4095
3498
3861
3695
3499
3664
4041
3279
3728
3908
3985
3648
3860
3631
3667
3670
3878
3519
3549
3724
3902
3327
3574
3632
4095
3452
3980
4030
3813
3810
4032
3455
3595
3734
3954
3451
3668
3914
3970
3672
3968
3383
3592
3661
3976
3298
3788
3918
3901
3632
3894
3439
3626
3934
3925
3648
3906
3275
3521
3578
3942
3259
3636
3780
4054
3528
3872
3545
3531
3732
4084
3482
3880
3671
3525
3608
3848
3215
3628
3668
4023
3353
3776
3575
3403
3664
4095
3402
3749
3663
3455
3568
3792
3183
3456
3618
3920
3234
3693
3894
3563
3570
3764
3407
3459
3620
3856
3327
3433
3628
3865
3259
3606
3636
3982
3344
3744
3647
3671
3626
3862
3359
3514
3616
3802
3351
3462
3640
3853
3199
3632
3790
4020
3480
3840
3785
3611
3644
3887
3287
3680
3738
4095
3488
3929
3811
3723
3728
3888
3407
3646
3720
3968
3415
3650
3786
4003
3623
3739
3756
3952
3551
3653
3748
3885
3535
3583
3668
3970
3303
3737
3774
4095
3512
3876
3501
3511
3672
3962
3293
3779
3887
3707
3640
3921
3327
3495
3596
3841
3263
3514
3616
3903
3231
3636
3734
4026
3388
3848
3661
3547
3616
3817
3275
3552
3618
3866
3227
3712
3874
3861
3649
3842
3279
3446
3584
3847
3163
3526
3708
3973
3477
3760
3562
3363
3590
3770
3215
3561
3842
4014
3552
3832
3311
3595
3698
3968
3275
3826
3860
3627
3596
3891
3294
3616
3856
4095
3462
3890
3786
3670
3684
3864
3263
3544
3642
4062
3315
3780
3915
3659
3668
3890
3375
3559
3618
3924
3255
3632
3646
3998
3306
3772
3911
4050
3704
3920
3531
3579
3746
3942
3479
3695
3708
4090
3399
3819
3808
4095
3423
3822
3989
3875
3760
4010
3645
3615
3712
3902
3223
3592
3682
4049
3328
3762
3813
3619
3601
3816
3279
3515
3640
3794
3247
3432
3566
3948
3290
3724
3898
3755
3650
3878
3287
3616
3892
3937
3612
3859
3359
3451
3613
3818
3191
3558
3652
3987
3310
3782
3806
3431
3608
3777
3195
3446
3578
3904
3214
3734
3873
3651
3576
3862
3243
3477
3584
3892
3235
3653
3843
3926
3528
3840
3515
3527
3632
3886
3231
3675
3684
4017
3344
3820
3771
3583
3626
3874
3287
3529
3648
3921
3179
3644
3816
4074
3544
3830
3671
3487
3628
3877
3303
3515
3640
3932
3255
3642
3816
4068
3534
3898
3435
3519
3632
4016
3311
3699
3764
4095
3458
3912
3843
3747
3704
3956
3343
3680
3709
4061
3310
3844
3846
3797
3640
3896
3199
3624
3696
4092
3456
3804
3647
3519
3654
3894
3247
3728
3887
3741
3630
3844
3351
3479
3568
3836
3435
3483
3612
3793
3383
3470
3618
3838
3195
3589
3768
4066
3560
3860
3485
3501
3612
3898
3231
3472
3568
3889
3211
3690
3812
3525
3594
3841
3223
3618
3794
3915
3488
3716
3435
3423
3592
3800
3183
3682
3823
3595
3620
3834
3255
3488
3600
3897
3242
3618
3728
4095
3394
3830
3651
3371
3657
4005
3346
3841
3895
3694
3608
3814
3211
3617
3822
4095
3528
3828
3445
3614
3770
4095
3474
3862
3755
3619
3660
3862
3263
3660
3648
4008
3267
3744
3873
3967
3665
3904
3503
3594
3692
4007
3389
3808
3952
4095
3760
3980
3483
3647
3732
3858
3435
3598
3656
3944
3271
3641
3720
3978
3263
3776
3911
3953
3688
3917
3275
3746
3933
4031
3573
3924
3611
3526
3572
3872
3239
3630
3644
4040
3325
3800
3846
3467
3626
3914
3223
3634
3658
4024
3292
3776
3833
3687
3652
3826
3263
3477
3592
3936
3199
3690
3896
3799
3594
3805
3223
3434
3584
3964
3227
3688
3885
3811
3530
3796
3243
3487
3592
3944
3227
3672
3853
3990
3568
3854
3367
3589
3616
3930
3295
3722
3942
3861
3653
3874
3423
3613
3648
3837
3355
3531
3634
3972
3317
3624
3656
4095
3364
3872
4002
3805
3736
3986
3391
3662
3772
4002
3391
3687
3748
4069
3423
3874
4086
4095
3780
4054
3595
3775
3901
4095
3511
3810
3880
4095
3439
3856
3928
4095
3585
4013
3695
3635
3704
4000
3435
3643
3732
4067
3335
3838
3888
3750
3684
3959
3343
3677
3676
4080
3277
3784
3814
4020
3560
3858
3375
3489
3608
3984
3262
3737
3892
3775
3676
3860
3227
3580
3616
3963
3231
3658
3760
4079
3514
3882
3597
3498
3634
4034
3278
3720
3823
3567
3568
3772
3223
3544
3592
3883
3183
3658
3742
3994
3368
3829
3774
3595
3632
3947
3243
3664
3758
4095
3450
3936
3849
3875
3705
3894
3463
3611
3724
3922
3387
3634
3688
3967
3275
3748
3879
4095
3596
3936
3415
3789
3913
4086
3696
3982
3575
3631
3716
4002
3435
3647
3688
4008
3391
3842
3760
4095
3588
4017
3855
3717
3864
4095
3567
3894
3988
4095
3437
3747
3790
4060
3439
3848
4040
3998
3810
3982
3413
3623
3706
3983
3341
3741
3817
4095
3435
3936
3935
3679
3704
3943
3439
3493
3616
3862
3231
3588
3632
4064
3426
3930
3839
3669
3728
3910
3367
3640
3672
3962
3327
3721
3714
4095
3488
3929
3743
3647
3664
3938
3327
3752
3956
4026
3696
3881
3339
3639
3656
4089
3351
3803
3925
4046
3672
3978
3511
3834
4072
4095
3834
4095
3722
3867
3964
4095
3587
4095
4095
4095
4038
4095
4061
4095
4095
4095
3848
4095
4095
4095
4095
4095
3931
4095
4095
4095
4015
4095
4095
4095
4095
4095
4095
4095
4095
4095
4095
4095
4095
4095
4095
4095
4095
3862
4095
3964
3898
3854
3770
3720
3599
3375
3136
2972
2967
2880
2874
2887
2858
2866
2891
2879
2864
2872
2882
2864
2878
2887
2864
2868
2895
2872
2864
2872
2879
2860
2879
2879
2858
2866
2891
2871
2864
2872
2879
2860
2879
2879
2860
2868
4095
3034
3130
3284
3023
3008
3246
2955
2962
2988
2963
3002
3002
3076
3016
2944
3071
2903
2948
3012
2967
3000
3412
3503
2992
3188
3071
2967
3120
3314
2967
3012
3380
3620
3028
3220
3087
2991
3320
3448
2987
3013
3336
3614
3039
3344
3743
3127
3306
3408
2983
3148
3743
3383
3332
3458
3003
3020
3378
3632
3056
3384
3725
3131
3372
3532
3003
3248
3786
3319
3384
3459
3007
3054
3404
3512
2943
3050
3440
3634
3019
3148
3506
3709
3060
3344
3609
3039
3378
3496
2999
3112
3480
3672
3051
3290
3752
3303
3352
3426
3071
3007
3312
3384
3071
3021
3352
3472
2971
3038
3492
3714
3072
3344
3351
3034
3504
3751
3154
3372
3211
2983
3296
3418
3063
3007
3380
3434
2967
3040
3452
3690
3050
3312
3764
3405
3348
3436
2983
3080
3568
3718
3192
3372
3199
2987
3360
3512
3003
3152
3648
3702
3298
3440
3115
3047
3442
3494
3007
3090
3464
3620
3007
3332
3808
3403
3472
3552
3055
3144
3484
3566
3087
3192
3506
3728
3107
3444
3862
3263
3546
3562
3131
3230
3520
3744
3151
3498
3775
3301
3512
3648
3061
3260
3536
3784
3065
3376
3806
3679
3416
3522
3195
3146
3508
3594
3031
3368
3832
3583
3480
3546
3023
3222
3516
3744
3126
3418
3851
3475
3488
3548
3087
3135
3468
3618
3023
3328
3792
3697
3404
3512
3127
3071
3450
3542
2999
3146
3448
3590
3013
3252
3660
3739
3240
3488
3403
3095
3424
3556
3015
3236
3596
3750
3094
3418
3653
3231
3456
3560
2975
3138
3452
3574
3007
3250
3665
3760
3316
3474
3247
3055
3426
3624
3051
3388
3750
3191
3460
3496
3003
3106
3488
3654
3042
3264
3629
3781
3256
3472
3419
3149
3512
3696
3107
3424
3875
3407
3520
3560
3167
3185
3528
3660
3123
3424
3733
3793
3371
3552
3671
3343
3554
3657
3135
3504
3780
3791
3450
3642
3343
3375
3578
3806
3199
3438
3636
3905
3297
3668
3723
3507
3610
3762
3215
3486
3588
3841
3255
3638
3900
3855
3620
3872
3327
3483
3648
3969
3255
3803
3880
3957
3554
3813
3327
3740
3888
3994
3596
3866
3343
3590
3666
3920
3215
3670
3818
4072
3476
3786
3423
3461
3622
3784
3195
3524
3592
3942
3265
3688
3919
3711
3612
3842
3263
3461
3602
3874
3199
3558
3624
3957
3299
3756
3787
3519
3596
3802
3187
3558
3558
3948
3292
3723
3639
3423
3572
3739
3191
3389
3548
3808
3147
3516
3704
3919
3322
3744
3565
3433
3589
3906
3241
3648
3722
4036
3314
3768
3899
3879
3600
3849
3339
3475
3612
3888
3251
3561
3616
3975
3251
3808
3910
3886
3608
3826
3547
3551
3624
3854
3347
3638
3788
4095
3540
3932
3693
3603
3696
4005
3339
3622
3680
3937
3323
3720
3752
4095
3518
4025
3953
3791
3859
4095
3515
3789
3859
4095
3543
3862
3890
4095
3669
4082
3725
3731
3800
4064
3419
3846
3866
4095
3504
3901
3883
3727
3764
3982
3319
3852
3931
3725
3796
4012
3355
3656
3660
4032
3359
3744
3832
4095
3557
3982
4023
3755
3736
4007
3575
3639
3739
4035
3355
3808
3756
4095
3488
3864
3555
3581
3658
3924
3311
3754
3870
4095
3594
3860
3455
3539
3666
3854
3279
3572
3641
4038
3287
3720
3940
3791
3668
3892
3295
3624
3608
3932
3227
3656
3875
3946
3658
3904
3415
3553
3704
4095
3412
3859
3912
3895
3656
3886
3239
3666
3811
4038
3456
3840
3487
3496
3604
4006
3287
3744
3911
3873
3622
3921
3355
3643
3732
4022
3322
3816
3837
4095
3602
3987
3763
3658
3758
4017
3475
3743
3794
4048
3423
3783
3836
4095
3391
3910
4050
4031
3788
4012
3375
3693
3672
4072
3319
3789
3901
3855
3648
3866
3237
3604
3888
3771
3584
3724
3247
3307
3540
3614
3151
3411
3586
3712
3131
3376
3698
3791
3244
3512
3686
3151
3492
3522
3115
3067
3448
3532
2975
3100
3464
3674
3055
3348
3583
3039
3394
3484
3007
3072
3418
3684
3054
3296
3579
3071
3304
3406
2971
3144
3719
3327
3276
3384
3059
3016
3296
3520
2991
3032
3324
3462
2967
3034
3424
3691
3052
3336
3275
2971
3316
3428
2963
3033
3364
3598
3044
3272
3759
3371
3316
3470
3007
3140
3690
3651
3304
3482
3003
3110
3504
3755
3142
3378
3391
2999
3392
3477
3039
3013
3400
3548
2999
3158
3572
3794
3178
3432
3515
3047
3440
3482
3023
3206
3770
3507
3392
3476
3135
3043
3424
3544
2999
3104
3488
3676
3037
3312
3664
3726
3288
3488
3431
3103
3464
3548
2991
3200
3568
3776
3172
3476
3683
3179
3480
3564
3023
3227
3512
3598
3051
3136
3496
3709
3135
3368
3768
3766
3408
3544
3359
3293
3628
3842
3194
3576
3854
3807
3532
3680
3159
3317
3536
3709
3163
3331
3584
3861
3198
3626
3764
3981
3476
3816
3467
3527
3616
3836
3286
3523
3720
4006
3277
3612
3926
3735
3680
3938
3301
3559
3608
3968
3327
3712
3738
4095
3488
3874
3775
3519
3648
3944
3287
3568
3636
3982
3255
3666
3797
4095
3524
3864
3447
3483
3685
3985
3339
3741
3764
4095
3520
4028
3855
3721
3684
4002
3339
3761
3784
4095
3424
3824
3499
3582
3664
3806
3231
3512
3632
3876
3231
3514
3610
3982
3243
3688
3784
3950
3414
3818
3435
3515
3610
3862
3215
3714
3888
3988
3612
3908
3323
3563
3634
3985
3271
3816
3890
4082
3610
3886
3355
3548
3692
4004
3295
3694
3658
4095
3408
3828
3695
3567
3670
3966
3239
3500
3552
3898
3215
3608
3611
4003
3271
3770
3898
3759
3654
3896
3543
3557
3704
3993
3391
3665
3692
3990
3311
3782
3802
4095
3400
3893
3868
3647
3712
4017
3399
3659
3712
3956
3343
3704
3686
4018
3391
3694
3737
4066
3398
3945
3969
3765
3756
4020
3411
3670
3760
3986
3302
3726
3786
4095
3472
3892
3813
3651
3696
3988
3387
3695
3776
4045
3383
3678
3713
3969
3355
3563
3680
3858
3431
3533
3674
3908
3239
3531
3604
3830
3343
3445
3644
3794
3187
3604
3616
3970
3195
3470
3584
3872
3167
3531
3620
3952
3276
3738
3900
3826
3594
3795
3243
3552
3816
3869
3568
3748
3159
3580
3645
3973
3384
3704
3583
3417
3570
3712
3159
3472
3876
3683
3572
3660
3243
3291
3536
3664
3227
3263
3552
3726
3127
3384
3564
3648
3151
3374
3566
3724
3183
3612
3827
3866
3508
3662
3271
3431
3544
3773
3183
3592
3888
3661
3600
3777
3191
3423
3574
3772
3163
3514
3700
3945
3362
3712
3779
3367
3580
3746
3279
3367
3576
3790
3163
3509
3596
3884
3211
3644
3864
3871
3600
3786
3195
3624
3677
4060
3378
3862
3703
3615
3676
3901
3247
3680
3705
4056
3416
3790
3593
3515
3602
3944
3215
3600
3714
4095
3472
3806
3327
3387
3600
3825
3247
3648
3908
3739
3638
3904
3295
3439
3564
3899
3191
3584
3688
4024
3405
3786
3825
3429
3604
3866
3195
3587
3672
4026
3237
3680
3892
3735
3632
3898
3175
3648
3766
3899
3480
3794
3247
3465
3570
3814
3179
3490
3580
3912
3218
3624
3882
3893
3594
3809
3231
3562
3596
3926
3239
3667
3713
4067
3383
3836
3911
4033
3656
3986
3363
3802
4044
3987
3733
3938
3519
3655
3718
3906
3311
3675
3698
3988
3311
3728
3768
4095
3470
3844
3981
3903
3730
4023
3467
3704
3754
4095
3375
3836
3866
4095
3648
3960
3663
3742
3860
4095
3487
3804
3875
4095
3515
3883
3884
4095
3517
3928
4055
3775
3792
4066
3439
3675
3696
4034
3382
3834
3984
3967
3672
3888
3323
3624
3612
3989
3315
3713
3843
4061
3552
3849
3407
3603
3624
3907
3199
3589
3616
3922
3231
3705
3811
3575
3608
3842
3199
3592
3600
3942
3262
3788
3895
3663
3592
3766
3215
3492
3814
3920
3528
3698
3223
3414
3576
3842
3230
3706
3833
3591
3600
3798
3183
3632
3868
3615
3602
3822
3191
3465
3592
3784
3198
3534
3686
4067
3302
3754
3847
3562
3552
3724
3371
3462
3600
3818
3155
3528
3608
3862
3194
3573
3748
4041
3496
3779
3359
3407
3589
3804
3199
3450
3584
3797
3199
3540
3650
4078
3354
3826
3837
3559
3656
3878
3247
3632
3666
3971
3309
3686
3674
4021
3295
3716
3798
4095
3430
3800
3503
3526
3608
3940
3215
3596
3632
4006
3249
3680
3837
3966
3596
3882
3323
3522
3714
4058
3362
3790
3657
3419
3568
3880
3183
3562
3638
3996
3234
3634
3742
3959
3328
3772
3757
3578
3661
3792
3191
3586
3654
4029
3283
3712
3825
3551
3592
3893
3210
3588
3784
3997
3398
3760
3799
3567
3590
3824
3229
3445
3572
3812
3223
3740
3883
3757
3632
3870
3247
3804
3778
4095
3448
3850
3743
3615
3644
3832
3271
3696
3898
4051
3668
3953
3263
3730
3768
4095
3536
3838
3359
3525
3664
3872
3323
3608
3878
4095
3546
3868
3327
3608
3648
4074
3379
3910
3902
4063
3697
3928
3471
3770
4049
3998
3824
4078
3547
3898
3888
4095
3574
4095
4095
4091
3929
4072
3583
3848
3938
4095
3724
4043
3551
3699
3770
3979
3479
3569
3682
3990
3355
3713
3730
4095
3396
3865
3921
3719
3616
3883
3219
3521
3596
3904
3207
3594
3626
3847
3199
3580
3850
4003
3536
3777
3375
3531
3612
3826
3207
3501
3564
3820
3179
3546
3564
3854
3183
3545
3588
3910
3199
3553
3738
3999
3434
3696
3439
3381
3584
3744
3243
3548
3878
3643
3612
3849
3267
3556
3628
3884
3255
3658
3872
3899
3626
3853
3223
3708
3906
3775
3688
3939
3243
3680
3634
3972
3259
3738
3786
4072
3442
3834
3549
3507
3616
3976
3267
3668
3608
3998
3287
3720
3857
4010
3576
3881
3239
3615
3656
3898
3275
3523
3609
3940
3291
3573
3692
3970
3303
3629
3634
3974
3291
3689
3652
3912
3214
3674
3692
4051
3290
3756
3913
3923
3648
3852
3283
3455
3624
3994
3221
3744
3806
3559
3649
3915
3239
3622
3654
4051
3448
3882
3869
3757
3669
3880
3219
3706
3844
3623
3602
3854
3255
3533
3593
3853
3195
3496
3568
3837
3211
3410
3566
3804
3195
3496
3580
3889
3187
3560
3720
3984
3328
3693
3787
3451
3592
3788
3195
3648
3877
3726
3686
3769
3327
3463
3602
3827
3226
3656
3653
4095
3268
3797
3882
3495
3632
3840
3263
3584
3600
3936
3199
3714
3801
4092
3558
3869
3551
3519
3594
3900
3375
3635
3676
3889
3319
3602
3658
3918
3295
3611
3662
3941
3451
3539
3742
4047
3379
3716
3793
4095
3399
3910
3926
4095
3720
4036
3579
3695
3780
4032
3341
3854
3966
3835
3668
3942
3359
3674
3752
4083
3231
3568
3660
3884
3303
3641
3640
3886
3279
3587
3640
3972
3251
3756
3739
4067
3440
3888
3783
3611
3700
3952
3315
3778
3900
3929
3706
3910
3343
3600
3608
3960
3263
3774
3863
4064
3524
3824
3295
3512
3652
4010
3211
3506
3602
3969
3210
3564
3784
3875
3494
3592
3311
3223
3560
3660
3135
3418
3584
3812
3214
3633
3716
4095
3329
3736
3882
3599
3609
3780
3183
3540
3889
3695
3624
3752
3163
3419
3548
3818
3191
3502
3630
4050
3356
3756
3709
3391
3616
3755
3187
3499
3592
3950
3247
3648
3702
4064
3442
3851
3519
3491
3616
3832
3263
3586
3625
4013
3341
3762
3874
4095
3670
3924
3423
3567
3716
3896
3367
3624
3772
4095
3429
3875
3844
3659
3642
3899
3175
3530
3592
3968
3255
3660
3737
4011
3376
3758
3759
3503
3600
3856
3179
3584
3656
4006
3283
3680
3901
3757
3604
3804
3207
3586
3632
3971
3243
3578
3632
3957
3300
3764
3886
3703
3592
3830
3199
3618
3853
3583
3596
3848
3183
3440
3544
3770
3166
3451
3624
3884
3167
3552
3660
3980
3369
3816
3827
3547
3620
3889
3167
3554
3600
3786
3231
3486
3580
3849
3215
3612
3893
3727
3612
3838
3255
3451
3576
3833
3205
3626
3626
3893
3179
3472
3588
3954
3263
3762
3880
3895
3584
3800
3263
3525
3590
3899
3209
3646
3672
4095
3418
3808
3503
3567
3664
3988
3327
3726
3772
4095
3409
3880
3902
4095
3584
3918
3367
3684
3785
4095
3608
3908
3527
3549
3667
4014
3239
3624
3636
3998
3255
3664
3636
4037
3259
3676
3724
4090
3548
3866
3287
3519
3600
3902
3279
3620
3626
3876
3235
3706
3735
3515
3628
3911
3207
3556
3624
4002
3239
3626
3664
4024
3356
3768
3815
3383
3592
3798
3207
3552
3602
3944
3276
3760
3872
3690
3616
3806
3183
3616
3682
4014
3276
3728
3892
3773
3616
3846
3231
3595
3640
3992
3331
3806
3838
4095
3608
3844
3415
3503
3648
3954
3287
3609
3624
3858
3215
3530
3617
4056
3302
3714
3853
3983
3544
3852
3279
3565
3682
3977
3247
3683
3744
4095
3379
3828
3883
3785
3688
3928
3275
3657
3704
4095
3512
4028
3847
3709
3750
4058
3399
3724
3682
4095
3397
3914
3631
3543
3644
3940
3287
3512
3584
3745
3243
3648
3692
3796
3191
3568
3622
4007
3195
3496
3608
4026
3281
3680
3570
3889
3230
3596
3748
4095
3418
3788
3735
3417
3602
3888
3223
3517
3600
3940
3246
3645
3700
3916
3181
3608
3744
4095
3384
3668
3487
3443
3576
3842
3151
3438
3600
3989
3348
3726
3854
3754
3586
3833
3199
3570
3880
3775
3644
3897
3263
3622
3592
3962
3275
3630
3594
3965
3351
3862
3977
3917
3640
3940
3359
3656
3689
3999
3267
3645
3560
3877
3215
3620
3648
4026
3319
3868
3738
3603
3676
3907
3351
3617
3654
3854
3215
3544
3578
3987
3255
3541
3644
3998
3277
3629
3648
4090
3358
3924
3928
3839
3765
3963
3311
3607
3624
3909
3258
3724
3874
3899
3636
3877
3255
3540
3600
3958
3227
3648
3789
4021
3448
3841
3487
3516
3644
4046
3370
3806
3614
3463
3592
3916
3215
3556
3606
3959
3269
3576
3604
3907
3237
3730
3839
4095
3634
3824
3215
3499
3618
3845
3179
3598
3684
4016
3328
3668
3615
3451
3600
3710
3195
3528
3614
3902
3281
3664
3875
3711
3592
3812
3207
3696
3833
3631
3608
3805
3239
3479
3576
3877
3227
3628
3660
4046
3308
3764
3856
4018
3604
3822
3455
3578
3676
3912
3235
3627
3665
4072
3400
3754
3836
3978
3652
3972
3371
3627
3698
3976
3325
3564
3632
4053
3346
3755
3758
4095
3558
3954
3844
3519
3736
3988
3347
3774
3830
4095
3491
3888
3833
4095
3546
3925
3949
3765
3700
3958
3243
3716
3654
4064
3263
3780
3912
3783
3632
3849
3251
3419
3588
3932
3215
3654
3878
3882
3628
3868
3219
3585
3738
4060
3436
3816
3631
3535
3688
3896
3255
3722
3901
3898
3670
3879
3259
3649
3644
3875
3219
3608
3659
4061
3259
3792
3875
3673
3528
3769
3295
3410
3578
3824
3183
3530
3622
3910
3309
3672
3832
3951
3574
3828
3231
3618
3608
3937
3225
3754
3724
4065
3440
3844
3726
3514
3608
3883
3223
3674
3918
3959
3668
3906
3415
3607
3642
4039
3295
3672
3713
4095
3461
3868
3950
3895
3659
3920
3509
3566
3650
3976
3295
3641
3642
3928
3339
3664
3660
4095
3323
3884
3993
3871
3795
3970
3411
3683
3786
4078
3418
3782
3872
4095
3395
3705
3680
4095
3349
3750
3824
4095
3458
3892
3419
3439
3600
3830
3213
3571
3612
3924
3191
3664
3891
3858
3600
3830
3243
3429
3564
3912
3227
3654
3624
3952
3311
3712
3902
3547
3608
3780
3231
3411
3600
3733
3183
3564
3622
3886
3211
3632
3769
4053
3448
3730
3391
3509
3590
3830
3195
3528
3682
3998
3277
3713
3878
3833
3584
3728
3307
3536
3661
3995
3418
3734
3575
3415
3592
3790
3183
3501
3602
3970
3173
3572
3656
3992
3323
3776
3762
4079
3430
3896
3563
3557
3608
3878
3223
3656
3608
4020
3291
3788
3831
3621
3666
3946
3247
3690
3819
4095
3504
3912
3635
3543
3698
4010
3311
3888
3943
3907
3757
4024
3431
3713
3798
4095
3443
3792
3824
4095
3568
3966
4025
3798
3692
4035
3383
3635
3746
4092
3341
3696
3774
4095
3453
3846
3851
3699
3680
3942
3271
3611
3654
4084
3263
3642
3707
4091
3488
3820
3383
3462
3602
3840
3231
3680
3876
3798
3616
3846
3279
3516
3598
3870
3231
3724
3886
3757
3584
3824
3191
3612
3855
3763
3572
3766
3175
3279
3538
3736
3149
3456
3634
3917
3369
3732
3689
3325
3552
3788
3159
3478
3586
3830
3199
3545
3680
4049
3319
3784
3861
3703
3648
3878
3223
3569
3638
3938
3243
3624
3612
3884
3191
3666
3756
4087
3412
3864
3733
3561
3708
3878
3231
3502
3602
3962
3283
3537
3610
3978
3247
3603
3688
4087
3346
3838
3695
3531
3652
3960
3339
3700
3768
4095
3528
3925
3943
3647
3682
3933
3327
3706
3876
4007
3664
3884
3343
3566
3600
3912
3263
3560
3616
3993
3381
3782
3892
3775
3648
3864
3478
3471
3640
3880
3219
3515
3624
3995
3271
3596
3700
4095
3412
3810
3639
3514
3626
3938
3239
3609
3564
3779
3199
3512
3596
3872
3183
3536
3634
3896
3195
3584
3736
3955
3376
3644
3639
3431
3568
3706
3159
3436
3578
3865
3194
3648
3791
3431
3584
3757
3179
3468
3576
3749
3191
3442
3584
3840
3177
3440
3630
3953
3364
3724
3851
3519
3616
3846
3183
3470
3572
3776
3190
3490
3568
3822
3211
3660
3908
3827
3650
3894
3231
3586
3683
4090
3388
3872
3918
3739
3680
3941
3275
3846
3879
3799
3740
4019
3391
3798
3794
4095
3449
3902
3986
3870
3722
3914
3275
3814
3880
3743
3682
3932
3287
3527
3610
3996
3243
3670
3688
4037
3346
3788
3889
3615
3648
3792
3227
3487
3596
3919
3219
3675
3773
4079
3345
3676
3724
4095
3442
3816
3635
3551
3632
3965
3285
3770
3795
4095
3578
3934
3407
3547
3610
3930
3239
3752
3919
3910
3606
3875
3295
3487
3577
3870
3187
3476
3570
3914
3223
3620
3736
4015
3340
3736
3878
3757
3634
3934
3231
3571
3626
3922
3215
3523
3596
3897
3207
3736
3907
3791
3648
3958
3247
3601
3608
3976
3237
3752
3898
3733
3624
3838
3247
3732
3887
3727
3664
3822
3279
3517
3612
3940
3223
3674
3760
4078
3424
3918
3643
3597
3730
4054
3321
3722
3722
4095
3478
3932
4036
4095
3740
4063
3519
3764
3790
4095
3471
3773
3797
4082
3407
3850
3818
4095
3474
3898
3959
3797
3768
4088
3358
3868
3896
3769
3704
3999
3287
3702
3660
3998
3295
3771
3800
4095
3480
3825
3627
3451
3598
3933
3279
3598
3616
3996
3238
3662
3642
3962
3255
3640
3594
3955
3295
3822
3719
3607
3644
3957
3197
3532
3560
3862
3187
3619
3610
3956
3298
3716
3742
4034
3342
3832
3855
3718
3692
3972
3302
3662
3672
4095
3410
3864
3900
3807
3716
4072
3326
3781
3830
4095
3632
3938
3423
3501
3616
3989
3252
3684
3670
4095
3344
3776
3683
3583
3668
3856
3215
3535
3642
4063
3336
3740
3874
4018
3616
3889
3243
3812
3881
3599
3680
4019
3343
3732
3708
3998
3335
3803
3796
4095
3436
3825
3937
3739
3564
3918
3407
3527
3617
4014
3262
3696
3766
4095
3484
3818
3725
3491
3600
3989
3271
3620
3669
4052
3332
3830
3872
3903
3680
3904
3311
3567
3648
3923
3327
3584
3742
4077
3372
3852
3915
3751
3628
3828
3243
3627
3592
3962
3239
3718
3780
3922
3370
3786
3737
3451
3600
3770
3159
3490
3596
3868
3245
3624
3778
4035
3464
3720
3231
3482
3588
3909
3243
3565
3608
3952
3282
3630
3670
4008
3282
3680
3690
4095
3492
3822
3896
4079
3716
3956
3319
3606
3698
3948
3327
3683
3680
4033
3275
3800
3997
4095
3684
3918
3423
3609
3712
4034
3327
3702
3666
4029
3323
3744
3744
4086
3334
3770
3834
4095
3531
3963
3923
3701
3752
4095
3367
3700
3757
4095
3354
3820
3619
3559
3634
3911
3255
3530
3588
3934
3251
3676
3816
4011
3565
3816
3231
3692
3867
3915
3626
3826
3191
3552
3564
3916
3207
3562
3680
4013
3376
3744
3895
3643
3560
3840
3255
3423
3608
3875
3207
3512
3596
3873
3195
3604
3628
4026
3328
3756
3391
3399
3584
3875
3199
3399
3556
3800
3179
3500
3568
3906
3239
3628
3758
3953
3376
3786
3679
3487
3620
3861
3215
3568
3602
3864
3227
3577
3568
3834
3239
3662
3782
4084
3468
3848
3731
3515
3618
3906
3183
3468
3638
4016
3322
3742
3784
4061
3584
3918
3862
3642
3674
4024
3283
3752
3739
4095
3382
3833
3939
4095
3650
3918
3455
3731
3784
4095
3501
3921
3934
4095
3638
4014
4095
3989
3862
4065
3375
3910
3945
3839
3770
4025
3327
3720
3714
4095
3408
3816
3899
3615
3650
3856
3231
3744
3878
3935
3590
3754
3207
3465
3568
3843
3187
3514
3672
4032
3325
3752
3910
3535
3592
3748
3195
3512
3600
3930
3223
3488
3632
3955
3235
3557
3592
3908
3262
3680
3535
3399
3584
3758
3179
3572
3648
3910
3312
3704
3860
3674
3590
3792
3195
3714
3799
3527
3584
3760
3207
3533
3570
3879
3215
3584
3624
4067
3230
3644
3746
4042
3396
3808
3881
3670
3672
3923
3239
3587
3642
4017
3277
3682
3714
4095
3522
3816
3383
3542
3675
3906
3271
3634
3640
4045
3299
3730
3816
4095
3464
3824
3695
3557
3690
3967
3319
3649
3698
4095
3355
3848
3852
4095
3507
3883
3979
4095
3600
3904
3343
3647
3659
3992
3271
3645
3645
3963
3335
3682
3768
4086
3386
3849
3917
3653
3664
3895
3247
3659
3608
3930
3187
3664
3654
4010
3333
3680
3784
4095
3432
3810
3271
3486
3608
3850
3259
3560
3584
3896
3247
3640
3716
3951
3306
3732
3871
3615
3552
3737
3183
3530
3572
3826
3195
3420
3652
3938
3330
3560
3847
3702
3620
3779
3195
3424
3578
3844
3215
3536
3590
3923
3266
3732
3712
4019
3420
3764
3519
3432
3621
4000
3353
3700
3757
4071
3344
3740
3674
3463
3612
3881
3229
3644
3648
4023
3315
3656
3696
4077
3360
3787
3892
3935
3636
3858
3351
3527
3680
3962
3345
3756
3929
3791
3748
4012
3391
3732
3770
4095
3510
3883
3878
4095
3520
3920
3891
3599
3749
4060
3283
3605
3634
3979
3271
3656
3630
4051
3263
3633
3630
3989
3310
3764
3725
3579
3756
3796
3191
3493
3584
3942
3283
3568
3618
3946
3279
3604
3672
3960
3274
3674
3779
4095
3552
3835
3567
3487
3640
3924
3238
3648
3608
3947
3211
3740
3835
3619
3620
3872
3251
3634
3668
3985
3338
3717
3859
3838
3608
3792
3175
3676
3790
4010
3508
3754
3431
3414
3616
3885
3199
3473
3586
3898
3183
3526
3616
3870
3211
3574
3622
3946
3221
3658
3702
4009
3382
3772
3711
3525
3604
3928
3242
3776
3737
3642
3658
3876
3239
3640
3632
3982
3247
3566
3584
3878
3231
3563
3602
3843
3271
3638
3716
4095
3520
3910
3955
3807
3748
4052
3391
3748
3826
4095
3373
3888
3822
3651
3700
3957
3351
3587
3650
3971
3275
3592
3666
3917
3243
3594
3648
4029
3285
3612
3664
4015
3303
3730
3827
3979
3648
3868
3261
3553
3648
3892
3227
3674
3888
3791
3666
3906
3231
3562
3644
3882
3325
3716
3832
3971
3568
3766
3311
3520
3660
4004
3355
3644
3772
3974
3482
3770
3291
3471
3604
3768
3187
3489
3602
3920
3235
3626
3604
4026
3298
3742
3840
4074
3468
3853
3487
3515
3668
3940
3275
3762
3709
3547
3648
3994
3291
3576
3604
3852
3259
3499
3612
3952
3259
3636
3626
4057
3386
3820
3899
3731
3608
3872
3231
3646
3656
4062
3306
3785
3872
3891
3640
3902
3303
3768
3758
4095
3608
3888
3611
3603
3738
3972
3319
3712
3696
4002
3311
3796
3711
3559
3632
3884
3211
3586
3672
4082
3316
3712
3856
3827
3684
3886
3215
3694
3899
3869
3672
3930
3225
3608
3642
4030
3290
3760
3796
4081
3444
3819
3663
3449
3602
3872
3275
3645
3640
4091
3259
3676
3740
4045
3408
3794
3801
3555
3608
3896
3243
3660
3756
4006
3490
3777
3231
3426
3562
3840
3195
3517
3609
3922
3214
3690
3819
3643
3626
3900
3227
3571
3588
3822
3239
3672
3654
3984
3243
3572
3650
3886
3323
3558
3658
4053
3301
3784
3824
4095
3564
3820
3557
3503
3728
3960
3343
3872
3703
3551
3716
4056
3368
3772
3875
4095
3510
3884
3671
3575
3712
3982
3399
3769
3853
4095
3778
3928
3399
3715
3788
4095
3467
3802
3822
4095
3326
3848
3957
3819
3734
3986
3291
3661
3648
4050
3339
3694
3738
4095
3426
3782
3883
3755
3636
3840
3211
3664
3670
4084
3347
3729
3862
3863
3641
3848
3215
3533
3620
3940
3251
3768
3575
3459
3601
3796
3199
3480
3600
3798
3223
3613
3667
3992
3322
3720
3871
3511
3568
3771
3187
3383
3573
3876
3159
3474
3572
3885
3211
3516
3600
3988
3298
3738
3495
3446
3600
3914
3275
3688
3608
3910
3263
3718
3700
3998
3297
3712
3788
4014
3568
3842
3311
3567
3648
3996
3275
3612
3680
3970
3269
3708
3850
4063
3482
3794
3327
3573
3617
3974
3259
3707
3668
4095
3400
3857
3930
3993
3652
4018
3385
3818
3917
3849
3784
4034
3442
3850
3822
4095
3429
3731
3797
4095
3451
3936
3980
3927
3724
3938
3355
3638
3726
4036
3326
3792
3907
3961
3658
3865
3275
3626
3676
4078
3348
3798
3864
3938
3600
3840
3218
3618
3664
3972
3235
3612
3642
3973
3263
3692
3639
3487
3632
3850
3222
3608
3680
3977
3344
3705
3848
3917
3532
3668
3287
3494
3660
3934
3297
3652
3812
3812
3512
3677
3399
3295
3592
3816
3177
3544
3676
3957
3370
3700
3643
3391
3600
3885
3187
3548
3620
3942
3310
3692
3632
3977
3298
3754
3804
3551
3628
3963
3199
3596
3608
4023
3286
3712
3861
4020
3592
3899
3235
3756
3903
3637
3668
4004
3222
3740
3815
4004
3548
3856
3287
3616
3630
4035
3295
3866
3937
3735
3754
4010
3383
3724
3754
4052
3371
3804
3794
4095
3407
3850
3766
4094
3355
3812
3706
4095
3471
3872
3950
3891
3704
3952
3317
3662
3650
4095
3344
3837
3526
3510
3636
3854
3215
3463
3590
3949
3301
3627
3628
3960
3227
3688
3724
4059
3328
3800
3884
3867
3634
3873
3255
3602
3624
3947
3255
3660
3744
4015
3492
3830
3215
3508
3584
3800
3187
3532
3556
3819
3191
3421
3592
3870
3254
3612
3758
3926
3441
3773
3694
3451
3616
3886
3207
3578
3698
4025
3354
3776
3839
3562
3634
3832
3231
3616
3676
4018
3229
3676
3771
4025
3372
3714
3881
3557
3616
3892
3207
3706
3890
3871
3686
3905
3291
3712
3758
4095
3514
3868
3903
3767
3700
3912
3243
3745
3880
3910
3664
3884
3321
3645
3700
4095
3443
3864
3908
4095
3415
3816
3912
4095
3492
3866
3535
3499
3616
3898
3255
3608
3642
4049
3468
3866
3916
4051
3704
4007
3295
3726
3691
4095
3350
3740
3866
3859
3620
3841
3270
3584
3661
4095
3496
3920
3709
3539
3664
3916
3309
3635
3616
3963
3223
3555
3588
3968
3227
3648
3728
3935
3394
3786
3759
3475
3636
3882
3183
3484
3584
3880
3219
3534
3600
3890
3189
3692
3864
3821
3664
3888
3267
3592
3588
3956
3319
3642
3618
3992
3227
3668
3681
4070
3291
3680
3688
4030
3302
3798
3827
3975
3644
3846
3311
3550
3658
3993
3350
3834
3950
3699
3676
3952
3219
3588
3601
3936
3247
3612
3616
3931
3255
3651
3656
3998
3299
3756
3748
4095
3456
3884
3834
3595
3680
4095
3335
3640
3692
4008
3313
3784
3902
3903
3744
3993
3311
3661
3701
4095
3366
3778
3750
4086
3402
3796
3848
3563
3642
3856
3279
3546
3680
4077
3362
3828
3881
4095
3704
3880
3323
3582
3612
3995
3285
3660
3638
4020
3247
3548
3612
4008
3359
3864
3884
4089
3592
3828
3263
3682
3863
3834
3548
3750
3167
3523
3584
3860
3231
3544
3638
4033
3323
3734
3850
3875
3444
3756
3635
3406
3616
3876
3265
3688
3800
4051
3584
3878
3263
3585
3650
3860
3255
3580
3680
3985
3283
3646
3624
3998
3223
3616
3683
4095
3355
3771
3904
3967
3604
3865
3307
3568
3628
4001
3305
3717
3740
4095
3415
3828
3894
3837
3714
3930
3347
3738
3769
4095
3452
3836
3994
4095
3756
4088
3473
3824
3768
4095
3401
3860
3651
3531
3650
3930
3263
3512
3618
3928
3238
3568
3624
3958
3263
3672
3712
4015
3416
3709
3683
3467
3610
3884
3213
3586
3586
3921
3265
3612
3628
3991
3288
3744
3743
3531
3642
3950
3307
3716
3748
4057
3317
3728
3806
4017
3464
3722
3283
3564
3730
4043
3462
3787
3455
3471
3584
3792
3234
3600
3648
3928
3354
3680
3847
3439
3594
3840
3211
3524
3656
4013
3249
3640
3721
4031
3287
3732
3734
4055
3380
3722
3307
3519
3624
3996
3297
3801
3840
4095
3630
3854
3359
3585
3608
3958
3319
3776
3912
3813
3700
3886
3251
3592
3644
4092
3429
3802
3862
4095
3524
3862
3719
3583
3680
4018
3402
3872
3922
4095
3720
4080
3991
3795
3832
4095
3455
3928
3898
4095
3541
3942
3859
3647
3682
3888
3227
3608
3626
3993
3227
3540
3618
3975
3261
3804
3823
3575
3660
3981
3237
3604
3592
3954
3312
3778
3839
3999
3584
3853
3295
3616
3851
3957
3594
3786
3215
3537
3602
3904
3251
3680
3628
3876
3199
3542
3638
3860
3223
3561
3668
3934
3198
3600
3584
3906
3233
3676
3765
3978
3512
3796
3227
3588
3688
4077
3341
3734
3826
3932
3508
3746
3503
3450
3648
3965
3263
3670
3680
4034
3395
3837
3920
4023
3612
3818
3231
3494
3588
3801
3205
3586
3604
3864
3295
3852
3960
3899
3784
4016
3343
3766
3730
4064
3339
3750
3833
3962
3536
3810
3503
3567
3718
4095
3505
3955
3987
4095
3716
4053
3997
3763
3832
4052
3383
3770
3810
4095
3387
3832
3748
4095
3448
3824
3866
4095
3557
3845
3803
3583
3714
3995
3271
3824
3998
3863
3792
3980
3291
3646
3738
4095
3488
3804
3773
3510
3660
3965
3235
3766
3887
3699
3648
3898
3235
3518
3612
3936
3271
3705
3757
4038
3360
3779
3864
3805
3504
3776
3379
3410
3580
3852
3191
3556
3601
3922
3241
3562
3781
3975
3472
3714
3195
3521
3606
3884
3237
3656
3692
4014
3412
3768
3821
3499
3625
3852
3263
3690
3867
3611
3652
3983
3263
3673
3686
4095
3398
3804
3914
3999
3676
3970
3311
3794
3903
3597
3672
3824
3257
3612
3672
4088
3325
3780
3803
4095
3459
3886
3828
4095
3584
3868
3647
3499
3656
3964
3319
3648
3736
4095
3546
3974
3993
4095
3598
3983
3511
3630
3654
3916
3235
3596
3616
4030
3288
3702
3683
4095
3429
3888
3964
3839
3744
3960
3295
3657
3628
3855
3198
3613
3660
3911
3271
3610
3638
4070
3432
3824
3531
3515
3642
3878
3259
3664
3732
4036
3513
3834
3734
3562
3642
3940
3291
3752
3774
3447
3616
3886
3264
3664
3732
3943
3394
3728
3821
3483
3616
3826
3199
3696
3855
3599
3608
3830
3239
3584
3594
3874
3259
3604
3616
3977
3277
3644
3644
3992
3390
3732
3856
3915
3604
3837
3199
3536
3610
4012
3330
3748
3833
4025
3516
3768
3223
3489
3616
3954
3253
3670
3748
4022
3287
3612
3686
4035
3318
3780
3878
3949
3530
3810
3447
3557
3698
4067
3401
3805
3932
4068
3618
3865
3263
3552
3610
3833
3195
3528
3616
3998
3343
3818
3876
4095
3576
3824
3247
3489
3596
3797
3199
3698
3879
3775
3648
3900
3227
3701
3644
4065
3274
3708
3616
3983
3344
3666
3804
3823
3524
3704
3415
3435
3630
3891
3243
3600
3676
4095
3326
3746
3755
4035
3464
3748
3159
3508
3616
3867
3197
3584
3644
3890
3219
3537
3626
3987
3277
3604
3734
3998
3426
3684
3818
3581
3668
3985
3251
3606
3652
4042
3279
3636
3574
3874
3239
3728
3795
3543
3658
3998
3302
3778
3787
4095
3432
3760
3849
3607
3632
3887
3209
3748
3856
3579
3724
3880
3223
3639
3624
4025
3305
3680
3650
3968
3334
3722
3776
3939
3552
3856
3435
3491
3692
4035
3422
3824
3890
4094
3536
3766
3639
3419
3604
3908
3306
3752
3863
3870
3600
3860
3227
3560
3600
3959
3346
3723
3750
4095
3546
3796
3259
3429
3584
3935
3290
3603
3630
3958
3275
3668
3750
4095
3658
3944
3531
3685
3730
4022
3251
3634
3608
3877
3203
3538
3688
4035
3378
3770
3871
3959
3604
3878
3307
3551
3578
3810
3191
3496
3592
3867
3216
3480
3700
4003
3356
3700
3832
3606
3664
3914
3287
3532
3601
3922
3247
3566
3672
4013
3403
3744
3864
3830
3632
3852
3317
3772
3832
4067
3568
3896
3291
3479
3610
4009
3333
3706
3656
4095
3403
3776
3515
3535
3644
3992
3276
3700
3716
4095
3397
3822
3893
3717
3740
4030
3375
3808
3939
3991
3650
3886
3271
3616
3666
4077
3418
3776
3780
4095
3504
3925
4070
3879
3706
3897
3247
3678
3614
3876
3215
3556
3618
3958
3365
3716
3891
3950
3664
3924
3253
3658
3626
3948
3208
3552
3698
4019
3424
3758
3621
3447
3624
3890
3251
3742
3848
4095
3576
3886
3918
3723
3640
3826
3183
3448
3554
3830
3207
3596
3734
3949
3446
3824
3621
3471
3608
3928
3207
3536
3614
3941
3372
3600
3811
3407
3584
3838
3229
3648
3674
4044
3359
3704
3668
4062
3426
3768
3835
3595
3604
3778
3205
3556
3884
3779
3672
3884
3290
3744
3770
4095
3368
3868
3839
4095
3500
3762
3715
3410
3628
3936
3251
3609
3648
4073
3398
3784
3896
3950
3704
3945
3413
3829
3772
4095
3515
3928
4038
4095
3816
4074
3479
3796
3802
4095
3522
3982
4062
4055
3809
3988
3413
3847
3828
4095
3398
3810
3686
4057
3368
3788
3855
3990
3542
3820
3603
3565
3616
4079
3406
3784
3850
4084
3476
3736
3415
3449
3596
3846
3215
3542
3630
3896
3263
3666
3722
4034
3267
3642
3624
4057
3385
3734
3862
3709
3562
3756
3195
3608
3852
3573
3624
3977
3299
3680
3668
4033
3312
3684
3800
3914
3315
3506
3854
3551
3584
3850
3242
3662
3688
4015
3305
3692
3720
4095
3390
3720
3854
3775
3584
3763
3207
3526
3640
4033
3273
3764
3882
4095
3500
3828
3851
3679
3682
3905
3287
3738
3899
3627
3640
3872
3239
3622
3642
4095
3457
3884
3958
4095
3772
4042
3535
3770
3875
4095
3518
3952
4071
4095
3832
4070
3494
3786
3808
4095
3566
3933
3990
4095
3684
4017
3835
3778
3857
4095
3518
3906
3899
4095
3433
3755
3921
3979
3680
3872
3321
3766
3784
4089
3379
3806
3826
4033
3544
3802
3483
3435
3640
3898
3259
3688
3779
3511
3624
4000
3285
3718
3640
4012
3357
3628
3618
3936
3256
3576
3824
3755
3560
3712
3175
3456
3586
3922
3298
3636
3818
3847
3448
3693
3375
3335
3578
3906
3243
3592
3696
4093
3434
3840
3846
4095
3618
3832
3559
3403
3584
3804
3207
3560
3848
3943
3560
3864
3287
3670
3728
3984
3374
3761
3704
4041
3242
3600
3698
3988
3520
3780
3455
3466
3628
4016
3327
3795
3806
4095
3464
3828
3885
3946
3692
3952
3331
3716
3706
4095
3513
3990
4001
4095
3684
4005
3571
3709
3768
4095
3465
3965
3995
3783
3772
4028
3353
3711
3688
3954
3349
3666
3732
4093
3413
3828
3904
4063
3648
3884
3803
3611
3690
4035
3309
3674
3726
4095
3313
3752
3748
4046
3373
3780
3583
3495
3632
4035
3330
3742
3736
4053
3314
3725
3850
3867
3552
3776
3183
3602
3818
3938
3524
3740
3223
3493
3568
3920
3261
3664
3774
4027
3456
3750
3243
3496
3560
3858
3225
3540
3716
4048
3474
3738
3835
3647
3652
3957
3263
3641
3668
3965
3263
3696
3720
4049
3349
3880
3770
4095
3568
3880
3933
3742
3640
3886
3215
3690
3881
3557
3640
3934
3311
3809
3870
4095
3600
3915
3969
3663
3640
3880
3239
3724
3877
3695
3682
4026
3398
3885
3824
4095
3590
3991
3966
4095
3596
3832
3615
3419
3608
3878
3206
3684
3708
4062
3367
3760
3822
4057
3412
3724
3766
4095
3356
3856
3583
3563
3692
3982
3251
3676
3632
4016
3327
3704
3768
4051
3408
3794
3864
3527
3670
3944
3438
3913
3973
3855
3684
3967
3418
3840
3878
4083
3564
3836
3227
3600
3677
4037
3253
3640
3604
3967
3274
3632
3756
3958
3484
3660
3809
3503
3612
3819
3218
3594
3659
3926
3273
3596
3650
4095
3428
3834
3846
4033
3444
3750
3775
3431
3628
3804
3199
3538
3584
3882
3215
3616
3612
3933
3295
3644
3702
4063
3333
3738
3351
3561
3612
3940
3301
3728
3756
4095
3554
3942
3991
3891
3724
3974
3303
3764
3759
3571
3664
3993
3355
3772
3862
4095
3587
3990
4057
4095
3766
3908
3303
3754
3876
3855
3676
3936
3238
3688
3698
4095
3413
3787
3904
3875
3658
3960
3306
3756
3876
3639
3620
3878
3237
3586
3561
3980
3279
3664
3684
4057
3392
3777
3896
3711
3668
3854
3223
3584
3628
3960
3275
3688
3664
3980
3235
3624
3606
3959
3207
3680
3851
3901
3553
3784
3199
3515
3572
3962
3259
3592
3612
3956
3283
3648
3723
3961
3450
3838
3870
3611
3656
3945
3322
3608
3696
4065
3371
3794
3824
4027
3512
3757
3231
3592
3664
4062
3303
3628
3612
4050
3476
3792
3826
3619
3636
3886
3219
3704
3884
3839
3616
3860
3207
3570
3648
4064
3298
3680
3752
4057
3350
3720
3784
3934
3482
3760
3689
3507
3664
4095
3486
3916
3914
4095
3627
4030
4008
4095
3542
3885
3439
3471
3640
4022
3355
3683
3688
4095
3443
3848
3967
4074
3544
3800
3479
3425
3600
3915
3328
3682
3710
4002
3360
3828
3887
3931
3660
3920
3347
3588
3608
3950
3322
3628
3734
3962
3368
3714
3871
3623
3652
3880
3223
3602
3616
3994
3301
3778
3451
3441
3585
3866
3271
3638
3708
3988
3360
3672
3816
3951
3472
3792
3791
3383
3636
3915
3199
3489
3601
3952
3245
3648
3675
4037
3367
3729
3676
4000
3293
3810
3861
3611
3706
3990
3295
3742
3741
4087
3372
3733
3738
4095
3386
3761
3809
4017
3472
3780
3855
3687
3632
3895
3219
3590
3644
4072
3358
3764
3782
4095
3544
3853
3334
3655
3683
4063
3366
3764
3716
4095
3382
3788
3795
4049
3502
3821
3495
3518
3598
3892
3275
3692
3698
4064
3379
3824
3878
4095
3616
3872
3913
3615
3648
3902
3317
3700
3738
4067
3426
3814
3775
3619
3754
4035
3275
3690
3726
4070
3388
3736
3439
3355
3612
3885
3282
3648
3696
4064
3354
3828
3890
3989
3616
3778
3195
3649
3800
3939
3444
3700
3407
3279
3568
3921
3316
3660
3768
4033
3460
3768
3679
3445
3624
3878
3287
3661
3709
4052
3386
3772
3905
3979
3656
3861
3247
3487
3632
3953
3323
3757
3702
4092
3314
3761
3774
4095
3564
3882
3443
3554
3708
4095
3470
3944
3471
3575
3656
4016
3357
3763
3738
4075
3377
3786
3828
4095
3408
3872
3896
3830
3596
3844
3367
3616
3674
4047
3351
3742
3802
4095
3588
3932
4002
3861
3802
3984
3458
3824
3869
3944
3514
3846
3355
3465
3606
3949
3310
3634
3808
3963
3472
3720
3183
3545
3602
4027
3442
3836
3835
3693
3784
4095
3482
3788
3752
4046
3328
3772
3475
3399
3602
3866
3251
3658
3644
4030
3355
3754
3722
4040
3249
3564
3650
3902
3278
3600
3810
3903
3448
3701
3519
3438
3594
3972
3323
3714
3722
4035
3412
3696
3263
3398
3584
3910
3360
3728
3869
3727
3648
3926
3271
3680
3673
4056
3367
3812
3717
3519
3640
4002
3347
3633
3644
4074
3362
3786
3853
3998
3588
3840
3399
3522
3660
4055
3376
3744
3692
4095
3456
3955
3919
4095
3644
3994
3683
3670
3736
4095
3454
3850
3892
4095
3542
3902
3912
4095
3602
3932
4076
3918
3821
4056
3407
3846
3775
3535
3652
3974
3287
3692
3728
4088
3329
3744
3760
4086
3270
3696
3672
3910
3287
3680
3707
4019
3247
3538
3656
3959
3318
3672
3793
3962
3356
3652
3855
3711
3540
3730
3259
3499
3612
3966
3295
3729
3736
4095
3484
3830
3874
3741
3612
3758
3199
3552
3636
3916
3190
3539
3608
4016
3304
3624
3794
3955
3426
3698
3507
3294
3584
3750
3189
3498
3572
3936
3241
3680
3704
4095
3412
3877
3810
4095
3396
3776
3503
3423
3594
3926
3243
3628
3658
4041
3322
3728
3762
4095
3438
3849
3851
3962
3584
3798
3783
3499
3648
4052
3392
3820
3854
4095
3449
3828
3874
4095
3574
3898
3423
3605
3676
4095
3483
3928
3953
4095
3620
3998
4080
4095
3752
4054
3718
3614
3782
4095
3399
3773
3722
4055
3446
3832
3868
4095
3480
3814
3890
3763
3634
3884
3330
3713
3652
4014
3336
3705
3698
4028
3310
3708
3813
4085
3444
3752
3876
3751
3576
3792
3359
3459
3608
3890
3261
3632
3762
3964
3352
3640
3812
3828
3520
3654
3183
3568
3662
4076
3392
3770
3839
3903
3626
3880
3187
3570
3600
3920
3304
3664
3759
3611
3648
3936
3331
3744
3762
4075
3469
3762
3890
3727
3618
3774
3235
3640
3888
3659
3648
3968
3331
3782
3786
4095
3465
3834
3896
3956
3572
3750
3359
3498
3618
3980
3326
3692
3732
4095
3530
3873
3811
3631
3712
4091
3504
3803
3808
4095
3488
3874
3942
4095
3713
3990
3515
3839
3927
4095
3611
3949
3973
4095
3688
3952
3355
3846
3798
4072
3422
3853
3755
4090
3407
3780
3731
4095
3446
3853
3844
4063
3680
3860
3423
3573
3644
4036
3263
3724
3740
4047
3472
3716
3835
3507
3648
3778
3229
3592
3684
4005
3358
3726
3818
3987
3497
3750
3411
3519
3612
3874
3243
3664
3743
3451
3589
3860
3222
3538
3626
3861
3264
3632
3792
3948
3360
3620
3803
3327
3620
3850
3266
3690
3802
4095
3452
3848
3916
4039
3540
3792
3387
3484
3632
3976
3376
3821
3917
3725
3702
4000
3311
3581
3600
3964
3302
3658
3712
3977
3377
3725
3231
3575
3628
3981
3362
3782
3798
4066
3309
3690
3678
4062
3360
3761
3850
3911
3544
3854
3575
3573
3716
4095
3387
3851
3844
4095
3513
3826
3882
4095
3424
3851
3439
3574
3675
4039
3386
3836
3816
4095
3564
3878
3387
3499
3611
3992
3298
3766
3892
3866
3660
3960
3307
3610
3610
4080
3408
3794
3854
4007
3616
3818
3383
3518
3668
3998
3338
3750
3802
4070
3380
3664
3760
4074
3341
3672
3756
3975
3446
3670
3199
3463
3576
3810
3195
3520
3708
3985
3434
3680
3825
3535
3596
3879
3312
3690
3167
3480
3608
3932
3302
3648
3834
3839
3616
3790
3263
3514
3580
3872
3340
3746
3307
3487
3669
4053
3320
3674
3630
4061
3345
3652
3656
4003
3360
3652
3798
3937
3542
3864
3407
3544
3704
4036
3338
3773
3816
3919
3524
3700
3271
3457
3634
3978
3328
3701
3731
4095
3584
3971
4064
3977
3814
4061
3443
3712
3708
4054
3355
3826
3413
3578
3606
4042
3363
3789
3768
4095
3380
3738
3800
4094
3436
3806
3892
3583
3638
3847
3279
3570
3616
3991
3243
3675
3670
4044
3336
3680
3756
4095
3540
3878
3319
3608
3668
4091
3445
3818
3772
4080
3472
3812
3855
3773
3670
3916
3292
3808
3699
3511
3636
3928
3295
3648
3624
3995
3344
3632
3746
3963
3496
3648
3555
3375
3594
3852
3219
3634
3656
4074
3328
3664
3728
4039
3326
3744
3762
3981
3592
3834
3207
3554
3594
3925
3271
3650
3652
3966
3370
3744
3883
3705
3616
3854
3221
3802
3882
3751
3672
3978
3419
3813
3830
4095
3522
3846
3853
3611
3640
3980
3295
3844
3971
4095
3728
3958
3771
3685
3864
4095
3546
3933
3985
3980
3589
3845
3499
3488
3586
3992
3404
3708
3726
4085
3344
3826
3885
4079
3522
3830
3509
3423
3608
3923
3284
3736
3790
4090
3504
3842
3908
3887
3618
3896
3279
3520
3620
4016
3364
3808
3706
3567
3640
3889
3249
3656
3668
4006
3360
3728
3840
3901
3544
3786
3423
3429
3620
4055
3378
3704
3746
4011
3456
3728
3836
3583
3626
3801
3271
3618
3652
3986
3321
3742
3836
4019
3490
3732
3859
3579
3660
3886
3283
3638
3648
3933
3274
3700
3657
3387
3634
4000
3274
3720
3748
4063
3402
3712
3871
3751
3633
3802
3223
3616
3874
3939
3634
3908
3274
3642
3664
4033
3317
3704
3798
4020
3424
3771
3890
3659
3632
3884
3291
3659
3836
4095
3399
3832
3847
4095
3536
3792
3902
3925
3692
3848
3279
3744
3670
4065
3339
3696
3688
4095
3341
3684
3774
3977
3488
3744
3806
3447
3626
3828
3195
3596
3656
3962
3310
3760
3720
4018
3319
3656
3738
4030
3364
3712
3439
3426
3596
4026
3289
3572
3700
4036
3292
3682
3724
3990
3392
3754
3875
3547
3610
3805
3183
3491
3592
3899
3320
3625
3786
3919
3566
3786
3319
3427
3608
3924
3328
3712
3778
4071
3492
3819
3518
3463
3640
4037
3326
3828
3831
4078
3402
3769
3415
3533
3616
3963
3238
3669
3624
4006
3308
3728
3793
4039
3488
3798
3803
3495
3664
3958
3223
3584
3634
4049
3392
3803
3875
3871
3648
3851
3279
3648
3668
4026
3440
3796
3838
4095
3652
3944
3307
3736
3772
4095
3545
3869
3905
3733
3688
3928
3323
3755
3630
4042
3400
3814
3834
4015
3568
3754
3414
3430
3610
3967
3279
3736
3811
3558
3664
3958
3255
3610
3644
4052
3392
3830
3917
3703
3656
3884
3227
3732
3876
3819
3616
3859
3254
3592
3626
4000
3378
3688
3769
4022
3512
3754
3387
3462
3596
3915
3195
3476
3578
3957
3227
3558
3690
4004
3436
3704
3383
3423
3592
3890
3274
3730
3839
3953
3548
3812
3451
3443
3617
4095
3410
3840
3820
4082
3496
3818
3333
3707
3690
4095
3387
3792
3779
4084
3442
3820
3882
3727
3680
4017
3239
3801
3815
3599
3694
4037
3267
3690
3792
4095
3496
3862
3938
3967
3666
3922
3391
3784
3856
4095
3660
3932
3906
3839
3840
4095
3470
3868
3798
4095
3549
3926
3960
3694
3716
3952
3291
3656
3648
4067
3398
3824
3866
4073
3552
3800
3387
3565
3670
3998
3286
3788
3766
4088
3480
3802
3622
3407
3602
3972
3312
3632
3684
3986
3396
3756
3519
3487
3618
4017
3324
3748
3767
4001
3376
3766
3880
3729
3612
3872
3287
3716
3846
3707
3620
3750
3247
3432
3600
3918
3336
3636
3792
3899
3532
3792
3303
3536
3570
3898
3229
3620
3756
4079
3416
3780
3878
3955
3616
3852
3475
3516
3632
3976
3365
3744
3718
4095
3427
3845
3790
4058
3426
3814
3867
3993
3552
3804
3627
3563
3624
4087
3353
3742
3781
4095
3442
3844
3742
4095
3470
3848
3904
4066
3730
3854
3391
3823
3806
4095
3453
3872
3997
4095
3552
3955
4061
4095
3562
3946
4031
3938
3682
3912
3503
3547
3672
4008
3437
3792
3844
4054
3560
3829
3879
3855
3672
3852
3305
3776
3688
4051
3309
3672
3674
4048
3387
3788
3850
4039
3469
3792
3882
3719
3608
3816
3271
3634
3626
3983
3306
3686
3712
4060
3532
3800
3455
3419
3625
3944
3306
3640
3773
3899
3498
3736
3359
3410
3566
3834
3264
3628
3760
3992
3412
3738
3307
3491
3596
3870
3263
3572
3644
3992
3316
3712
3766
4095
3450
3770
3886
3791
3628
3856
3211
3658
3684
4095
3489
3901
3870
3750
3666
3816
3391
3575
3636
4095
3434
3865
3889
4067
3596
3898
3287
3659
3686
4038
3419
3860
3880
4095
3584
3898
3287
3814
3860
4095
3594
4025
4064
4095
3740
4040
3751
3675
3724
4021
3369
3975
3925
3695
3756
4026
3362
3770
3696
4063
3366
3714
3736
4065
3460
3885
3896
3831
3596
3903
3359
3684
3630
3969
3266
3744
3790
4088
3524
3811
3711
3499
3640
3928
3318
3702
3668
4062
3370
3746
3884
3939
3576
3813
3291
3498
3650
4095
3460
3760
3471
3480
3602
3974
3310
3684
3664
3970
3456
3712
3647
3383
3626
3930
3235
3736
3655
3455
3624
3870
3327
3681
3676
4008
3448
3852
3822
4065
3412
3838
3934
3750
3616
3939
3327
3578
3680
4095
3524
3784
3777
4095
3440
3764
3807
4095
3490
3831
3367
3550
3664
3924
3273
3689
3772
4095
3512
3824
3905
4070
3560
3870
3439
3733
3701
4095
3443
3922
3945
4095
3708
3948
3691
3706
3754
4095
3493
3950
4010
3903
3644
3971
3369
3702
3712
4095
3440
3776
3804
4095
3560
3769
3711
3525
3680
3970
3383
3816
3780
4048
3476
3824
3835
3599
3674
3969
3335
3613
3652
4095
3536
3816
3431
3499
3706
3964
3257
3568
3641
4046
3318
3666
3672
4029
3373
3756
3804
3854
3572
3818
3251
3366
3610
4026
3362
3576
3773
4049
3442
3672
3859
3879
3610
3798
3265
3649
3723
4081
3456
3824
3839
3743
3636
3856
3259
3564
3624
4082
3362
3748
3363
3534
3626
4068
3386
3836
3836
4012
3504
3826
3519
3515
3624
4037
3426
3852
3549
3467
3629
4095
3401
3816
3875